,PLUS_MINUS,OUT,bpi,off,def,pbpi,OVR,DEF,TIER
298,17.666666666666668,0,-2.014,-5.361,3.348,-2.014,1,3,1
711,-6.666666666666667,0,-2.0380000000000003,-3.786,1.7480000000000002,-2.0380000000000003,0,4,1
654,-10.666666666666668,-8,-10.67,-9.512,-1.1589999999999998,-10.67,-3,-4,-1
275,-30.666666666666664,3,-2.946,-0.7939999999999999,-2.152,-2.946,-1,-4,-1
599,-8.0,-6,1.5559999999999992,0.2169999999999996,1.3379999999999996,1.5559999999999992,0,2,0
43,11.833333333333334,-1,-5.611,-1.521,-4.089,-5.611,-1,-8,-1
471,0.666666666666667,-1,5.226,0.817,4.409,5.226,0,-6,1
1162,34.33333333333333,5,-1.056,-1.0750000000000002,0.02,-1.056,0,4,1
342,24.33333333333333,8,-1.3889999999999998,0.26,-1.649,-1.3889999999999998,0,-4,0
135,-2.000000000000001,-2,-14.503,-8.884,-5.617999999999999,-14.503,-5,-6,-1
557,39.66666666666666,2,7.471,7.106,0.364,7.471,2,4,1
78,-0.3333333333333333,10,2.0049999999999994,1.804,0.201,2.0049999999999994,1,2,0
1184,-4.666666666666666,5,1.388,2.287,-0.899,1.388,0,-6,-1
184,18.666666666666668,-3,-4.667999999999999,-2.856,-1.811,-4.667999999999999,-1,-3,0
743,0.6666666666666667,6,0.5390000000000001,-0.957,1.497,0.5390000000000001,-1,-1,1
178,13.333333333333334,13,13.065,10.995,2.072,13.065,4,2,1
700,-7.0,0,1.66,-2.773,4.433,1.66,0,-3,1
247,11.333333333333332,-3,2.2310000000000003,2.775,-0.5430000000000001,2.2310000000000003,0,3,1
735,-39.66666666666666,-3,-5.18,-1.128,-4.052,-5.18,-2,-7,-1
1070,-18.0,-6,-11.428,-7.288,-4.14,-11.428,-3,-3,0
631,8.666666666666666,7,0.3759999999999994,-0.0830000000000001,0.4599999999999999,0.3759999999999994,0,3,1
1182,8.666666666666668,-5,-1.388,-2.287,0.899,-1.388,0,6,1
433,3.333333333333334,3,11.983,8.388,3.594,11.983,2,2,0
923,16.333333333333332,4,8.576,2.6000000000000005,5.976,8.576,2,2,1
889,16.0,2,11.086,5.762,5.324,11.086,3,7,1
622,18.666666666666668,3,4.667999999999999,2.856,1.811,4.667999999999999,1,3,0
991,-7.333333333333333,3,1.314,2.54,-1.225,1.314,0,-1,-1
866,-4.0,3,1.554,1.494,0.06,1.554,-1,-7,-1
39,-18.833333333333336,7,-0.137,4.1370000000000005,-4.274,-0.137,1,-1,-1
30,4.0,2,-0.2550000000000003,1.809,-2.066,-0.2550000000000003,2,1,-1
242,2.0,2,-0.845,0.383,-1.228,-0.845,-1,-5,-1
415,1.6666666666666663,6,0.6570000000000001,3.802,-3.146,0.6570000000000001,1,0,0
136,-22.0,-3,-10.552,-7.184,-3.367,-10.552,-4,-6,-1
953,4.666666666666667,-6,-3.892,-4.313,0.422,-3.892,-3,0,-1
409,4.666666666666667,5,0.1180000000000003,2.3280000000000003,-2.208,0.1180000000000003,-1,-2,0
3,23.0,1,-1.794,-1.973,0.179,-1.794,-2,-5,-1
442,-12.333333333333332,2,-3.357,-0.907,-2.45,-3.357,-1,1,0
591,-0.666666666666667,0,-1.08,-1.213,0.133,-1.08,0,7,1
1019,-3.333333333333333,-2,5.345,1.905,3.44,5.345,1,2,1
826,17.333333333333336,-6,3.2030000000000003,0.8600000000000001,2.344,3.2030000000000003,0,2,0
801,18.33333333333333,-5,3.791,0.4109999999999999,3.38,3.791,2,9,2
676,-17.333333333333336,3,2.012,-0.1280000000000001,2.14,2.012,1,0,1
428,-6.0,1,-3.015,-4.189,1.175,-3.015,-3,-1,0
354,-4.333333333333334,-3,-6.733,-4.192,-2.541,-6.733,-1,4,0
1173,17.666666666666668,5,-1.056,-1.0750000000000002,0.02,-1.056,0,4,1
493,-21.666666666666668,-7,-4.4030000000000005,-3.815,-0.589,-4.4030000000000005,-1,-1,-1
100,29.166666666666664,1,0.4209999999999998,-3.285,3.705,0.4209999999999998,0,1,1
677,1.666666666666667,11,11.084,7.039,4.046,11.084,2,-2,0
479,-16.333333333333332,-8,-4.824,-0.5299999999999999,-4.2940000000000005,-4.824,-1,-2,-2
581,0.0,-5,-8.884,-4.791,-4.094,-8.884,-3,-4,-2
790,-20.33333333333333,-4,-4.398999999999999,-4.08,-0.3189999999999999,-4.398999999999999,-3,-5,-2
1159,21.66666666666666,5,-1.056,-1.0750000000000002,0.02,-1.056,0,4,1
994,-24.666666666666664,0,-5.178999999999999,-2.698,-2.481,-5.178999999999999,-2,-3,-1
1180,13.0,-5,-1.388,-2.287,0.899,-1.388,0,6,1
227,17.333333333333332,3,12.527,4.3,8.227,12.527,3,2,1
818,-8.0,-6,-3.4559999999999995,-0.2069999999999998,-3.25,-3.4559999999999995,0,-2,0
514,-17.0,-3,0.926,3.608,-2.682,0.926,2,1,0
626,-21.33333333333333,-4,-6.916,-5.373,-1.543,-6.916,-2,-5,0
363,7.333333333333333,3,7.194,6.489,0.704,7.194,1,4,0
66,2.333333333333333,-2,-5.292,-5.654,0.3620000000000001,-5.292,-1,-1,0
67,31.33333333333333,8,15.042,7.927,7.115,15.042,4,5,2
967,-19.333333333333336,-6,-3.892,-4.313,0.422,-3.892,-3,0,-1
211,-7.0,-10,-11.751,-8.455,-3.297,-11.751,-4,-3,-2
12,2.0,4,-3.596,-1.1760000000000002,-2.419,-3.596,0,-5,0
478,-2.666666666666667,3,-3.904,-3.367,-0.5369999999999999,-3.904,-1,-7,-1
634,7.666666666666668,5,6.470999999999999,4.396,2.075,6.470999999999999,3,3,0
299,5.666666666666666,-5,-4.122999999999999,-1.6229999999999998,-2.501,-4.122999999999999,-2,-7,-2
435,5.333333333333333,4,6.271000000000001,5.432,0.8399999999999999,6.271000000000001,0,-1,-1
741,10.333333333333332,13,13.065,10.995,2.072,13.065,4,2,1
1062,-15.333333333333332,-5,-5.75,-4.138,-1.612,-5.75,-3,-3,-2
754,-24.0,8,0.2839999999999998,0.852,-0.569,0.2839999999999998,1,0,0
529,13.666666666666666,-3,6.408,1.295,5.114,6.408,-1,0,0
481,-24.0,-6,-8.689,-5.556,-3.133,-8.689,-1,0,0
405,-11.333333333333332,5,-7.547,-2.8759999999999994,-4.67,-7.547,-1,-5,0
1074,-17.333333333333332,-1,-7.649,-5.307,-2.341,-7.649,-1,-4,0
430,24.666666666666668,6,8.689,5.556,3.133,8.689,1,0,0
1107,0.6666666666666661,-1,0.1779999999999999,-1.799,1.977,0.1779999999999999,-1,0,-1
898,-7.0,3,10.867,7.073,3.794,10.867,3,5,0
427,14.0,8,5.938,3.997,1.942,5.938,2,0,1
273,-8.666666666666668,-2,-6.372,-6.867,0.4950000000000001,-6.372,-1,6,1
1073,22.333333333333336,14,13.486,7.71,5.777,13.486,4,3,2
237,12.333333333333334,3,-1.868,-1.617,-0.2509999999999999,-1.868,1,2,2
716,1.0,10,11.751,8.455,3.297,11.751,4,3,2
2,-19.0,-10,-2.0049999999999994,-1.804,-0.201,-2.0049999999999994,-1,-2,0
6,2.0,-8,-8.843,-3.71,-5.132,-8.843,-2,-3,-2
311,10.333333333333332,10,5.483,5.179,0.305,5.483,2,0,1
1010,-10.666666666666668,-10,-15.826999999999998,-11.368,-4.459,-15.826999999999998,-6,-8,-2
1179,17.666666666666664,2,5.156999999999999,1.856,3.3,5.156999999999999,3,4,1
908,4.333333333333333,-7,-14.756,-6.362,-8.395,-14.756,-3,1,-2
215,-9.666666666666666,-9,-6.984999999999999,-3.885,-3.0980000000000003,-6.984999999999999,-2,0,-1
358,11.333333333333334,-3,-1.229,4.31,-5.539,-1.229,0,-6,-2
27,-0.3333333333333339,0,0.3899999999999999,0.799,-0.409,0.3899999999999999,1,5,1
1145,2.333333333333333,-1,3.08,0.29,2.79,3.08,0,-1,-1
838,-21.33333333333333,4,1.5069999999999997,3.375,-1.868,1.5069999999999997,1,2,-1
865,6.666666666666666,-4,-2.0940000000000003,-6.912,4.817,-2.0940000000000003,-1,-2,0
765,-0.6666666666666666,5,-0.123,-0.5700000000000001,0.4459999999999999,-0.123,0,-3,-1
553,6.666666666666666,-10,-0.3319999999999998,-1.212,0.879,-0.3319999999999998,0,2,0
438,-18.666666666666668,-3,2.946,0.7939999999999999,2.152,2.946,1,4,1
720,-16.0,2,-10.595,-6.101,-4.493,-10.595,-2,-8,-1
548,-0.3333333333333339,0,-4.54,0.322,-4.863,-4.54,0,-2,-2
1037,25.66666666666666,4,7.137999999999999,5.812,1.326,7.137999999999999,5,8,2
837,-7.999999999999999,-3,-12.527,-4.3,-8.227,-12.527,-3,-2,-1
256,6.000000000000001,-4,-6.271000000000001,-5.432,-0.8399999999999999,-6.271000000000001,0,1,1
291,0.666666666666667,0,-4.018999999999999,-3.18,-0.8380000000000001,-4.018999999999999,-1,-1,0
25,13.5,2,6.952,2.881,4.071,6.952,1,-2,1
336,-20.666666666666664,-7,-6.956,-6.008,-0.948,-6.956,-4,-1,-1
673,24.0,9,9.56,5.671,3.889,9.56,4,5,2
47,-8.666666666666668,8,10.67,9.512,1.1589999999999998,10.67,3,4,1
318,15.000000000000002,1,-2.736,0.018,-2.754,-2.736,1,-2,1
106,1.6666666666666663,0,6.199,4.217,1.983,6.199,2,2,0
55,17.333333333333332,-1,-5.611,-1.521,-4.089,-5.611,-1,-8,-1
545,-6.666666666666666,-6,0.3009999999999999,-1.229,1.531,0.3009999999999999,-1,3,0
213,-5.0,-5,-1.557,-1.0539999999999998,-0.5030000000000001,-1.557,-1,0,-1
120,-10.0,9,-3.247,0.435,-3.683,-3.247,0,-7,-1
551,14.333333333333334,-9,-6.7940000000000005,-5.563,-1.2320000000000002,-6.7940000000000005,-4,-3,-2
918,-11.333333333333334,7,-1.27,1.348,-2.618,-1.27,1,4,0
1138,-3.0,9,-3.247,0.435,-3.683,-3.247,0,-7,-1
72,25.666666666666664,-2,-2.221,-2.91,0.689,-2.221,-1,2,-1
593,-0.3333333333333339,-7,-3.278,-2.006,-1.273,-3.278,-1,-2,-1
732,-17.333333333333332,-2,-5.457000000000001,-1.745,-3.712,-5.457000000000001,-3,-7,-2
829,12.333333333333334,2,4.285,1.4869999999999997,2.797,4.285,2,3,1
552,-18.0,0,3.236,-1.165,4.401,3.236,2,9,1
872,7.999999999999999,-2,-3.738,-4.266,0.528,-3.738,-2,-3,-1
1174,-24.666666666666668,-3,0.0439999999999995,-1.2950000000000002,1.339,0.0439999999999995,0,5,1
541,25.0,6,3.390999999999999,4.106,-0.7150000000000001,3.390999999999999,3,4,1
728,-5.333333333333334,1,-1.976,-4.584,2.609,-1.976,-2,-4,0
411,-3.666666666666667,1,-8.462,0.348,-8.809999999999999,-8.462,-2,-3,-2
731,-21.666666666666664,-7,-8.422,-6.995,-1.427,-8.422,-2,-2,-1
1009,-3.0,-1,-16.311999999999998,-6.579,-9.733,-16.311999999999998,-3,-1,-2
904,-4.333333333333333,9,11.091,6.227,4.864,11.091,3,5,2
316,27.266666666666666,3,4.79,0.329,4.460999999999999,4.79,1,2,0
890,-15.000000000000002,-5,-6.692,-2.147,-4.545,-6.692,0,0,0
811,3.0,-2,0.2550000000000003,-1.809,2.066,0.2550000000000003,-2,-1,1
649,-12.333333333333334,2,9.469,4.174,5.295,9.469,0,-2,-1
671,13.666666666666666,6,4.8340000000000005,2.322,2.511,4.8340000000000005,0,-3,-1
413,1.3333333333333333,-1,0.1779999999999999,-1.799,1.977,0.1779999999999999,-1,0,-1
535,-13.666666666666666,-1,-10.113,-2.362,-7.75,-10.113,-1,1,-2
60,-17.0,-11,-11.474,-7.838,-3.637,-11.474,-3,-3,-1
1046,-11.0,9,-3.247,0.435,-3.683,-3.247,0,-7,-1
92,9.5,0,4.1770000000000005,-1.48,5.657,4.1770000000000005,-1,-3,-1
839,-8.0,-6,-3.390999999999999,-4.106,0.7150000000000001,-3.390999999999999,-3,-4,-1
381,-21.33333333333333,1,1.4420000000000002,-3.138,4.58,1.4420000000000002,0,4,0
351,16.999999999999996,2,5.835999999999999,1.5659999999999998,4.271,5.835999999999999,2,1,1
933,13.333333333333334,3,9.969,3.027,6.942,9.969,3,5,1
280,4.0,10,5.093,4.38,0.7140000000000001,5.093,1,-5,0
538,-1.666666666666666,-2,-1.981,-3.956,1.974,-1.981,-2,-4,-1
359,9.666666666666664,1,5.9910000000000005,2.659,3.332,5.9910000000000005,1,3,0
536,-1.0,-3,4.984,4.58,0.4039999999999999,4.984,1,0,0
605,-23.66666666666666,-16,-15.207,-8.661999999999999,-6.547000000000001,-15.207,-4,-5,-2
462,20.33333333333333,-3,5.466,3.286,2.181,5.466,2,3,2
712,10.0,0,-8.037,-3.182,-4.855,-8.037,0,1,1
182,-9.333333333333334,1,-1.809,2.305,-4.115,-1.809,2,5,-1
630,18.666666666666664,-5,-1.388,-2.287,0.899,-1.388,0,6,1
950,12.0,7,6.956,6.008,0.948,6.956,4,1,1
110,-5.333333333333334,5,-3.401,0.3880000000000001,-3.789,-3.401,-1,-4,-1
370,7.333333333333333,-2,3.357,0.907,2.45,3.357,1,-1,0
239,5.333333333333333,2,-3.747,-1.706,-2.041,-3.747,-2,-4,-1
695,-2.666666666666668,-8,-1.7449999999999997,-0.9130000000000004,-0.8330000000000001,-1.7449999999999997,0,3,0
618,-2.666666666666667,-6,-9.206,-6.361,-2.844,-9.206,-2,-4,-1
582,8.0,0,0.3899999999999999,0.799,-0.409,0.3899999999999999,1,5,1
542,-22.0,-4,-5.340999999999999,-2.0890000000000004,-3.252,-5.340999999999999,0,-2,0
1049,12.0,3,6.1690000000000005,1.565,4.604,6.1690000000000005,1,1,1
261,-2.666666666666666,3,-4.984,-4.58,-0.4039999999999999,-4.984,-1,0,0
614,17.333333333333332,-2,-2.221,-2.91,0.689,-2.221,-1,2,-1
757,35.666666666666664,5,8.884,4.791,4.094,8.884,3,4,2
339,-4.333333333333333,2,0.8680000000000001,-1.635,2.503,0.8680000000000001,0,4,1
783,-38.99999999999999,-5,-13.03,-8.055,-4.975,-13.03,-3,-5,-1
1060,6.666666666666666,0,1.66,-2.773,4.433,1.66,0,-3,1
850,-20.66666666666666,5,1.557,1.0539999999999998,0.5030000000000001,1.557,1,0,1
183,11.333333333333334,-6,-7.250999999999999,-8.768,1.517,-7.250999999999999,-4,-6,-1
137,-12.0,2,-5.445,0.494,-5.939,-5.445,0,4,-2
1148,-8.666666666666668,-4,-6.271000000000001,-5.432,-0.8399999999999999,-6.271000000000001,0,1,1
693,-4.666666666666668,-2,-4.887,-1.545,-3.341,-4.887,-1,-5,-1
992,9.333333333333332,-1,10.476,5.013,5.462,10.476,1,0,1
80,-11.0,3,6.804,5.69,1.113,6.804,0,-1,-1
937,3.666666666666666,0,-0.958,-2.573,1.6150000000000002,-0.958,0,-3,0
1143,-2.6666666666666665,6,0.5390000000000001,-0.957,1.497,0.5390000000000001,-1,-1,1
746,7.333333333333334,3,3.899,5.227,-1.3279999999999998,3.899,0,-2,0
29,-18.83333333333333,-3,0.0439999999999995,-1.2950000000000002,1.339,0.0439999999999995,0,5,1
422,21.33333333333333,7,7.348,6.536,0.8099999999999999,7.348,2,1,0
165,-15.333333333333334,-1,3.951,1.6999999999999993,2.251,3.951,1,0,0
248,9.0,3,9.969,3.027,6.942,9.969,3,5,1
307,-31.666666666666668,-7,-14.621,-11.212,-3.41,-14.621,-4,-4,-1
346,-13.333333333333329,-3,1.273,0.2019999999999999,1.072,1.273,0,0,1
334,26.33333333333333,0,2.0380000000000003,3.786,-1.7480000000000002,2.0380000000000003,0,-4,-1
285,-14.333333333333334,-14,-13.486,-7.71,-5.777,-13.486,-4,-3,-2
930,12.666666666666666,8,8.913,1.952,6.962,8.913,3,9,2
597,-8.333333333333334,0,5.178999999999999,2.698,2.481,5.178999999999999,2,3,1
849,2.0,9,0.4509999999999996,2.3,-1.848,0.4509999999999996,1,6,0
1024,11.666666666666668,6,8.662,7.18,1.483,8.662,3,1,0
893,1.6666666666666667,-10,-9.233,-6.402,-2.83,-9.233,-3,-2,-1
590,-16.0,-2,1.437,3.1100000000000003,-1.671,1.437,0,2,0
668,-3.333333333333333,5,3.535,5.45,-1.914,3.535,1,-3,0
602,36.66666666666666,1,-1.809,2.305,-4.115,-1.809,2,5,-1
785,22.0,-2,3.747,1.706,2.041,3.747,2,4,1
675,12.0,-2,7.02,2.79,4.23,7.02,2,-1,2
65,-8.333333333333332,10,6.545,1.4819999999999998,5.064,6.545,1,4,2
1047,14.999999999999996,-2,-5.835999999999999,-1.5659999999999998,-4.271,-5.835999999999999,-2,-1,-1
938,16.666666666666668,9,2.966,0.705,2.26,2.966,1,-1,1
1055,4.0,3,6.733,4.192,2.541,6.733,1,-4,0
1088,-5.000000000000001,-7,0.137,-4.1370000000000005,4.274,0.137,-1,1,1
1103,19.666666666666664,7,4.4030000000000005,3.815,0.589,4.4030000000000005,1,1,1
302,-10.666666666666666,1,0.361,-2.675,3.036,0.361,0,2,1
254,2.333333333333333,-8,-15.042,-7.927,-7.115,-15.042,-4,-5,-2
939,-42.0,-5,-12.64,-7.255999999999999,-5.384,-12.64,-2,0,0
912,-35.0,-9,-19.778,-13.068,-6.71,-19.778,-7,-8,-2
312,-2.666666666666666,-2,5.445,-0.494,5.939,5.445,0,-4,2
519,1.3333333333333333,-2,-1.583,-4.968,3.385,-1.583,0,4,1
221,27.666666666666668,8,12.947,8.667,4.28,12.947,5,4,1
388,0.333333333333333,0,-6.199,-4.217,-1.983,-6.199,-2,-2,0
235,-6.666666666666666,2,2.221,2.91,-0.689,2.221,1,-2,1
793,-23.666666666666664,-3,1.473,0.8289999999999997,0.643,1.473,2,1,0
467,16.333333333333332,6,1.737,5.015,-3.279,1.737,1,-7,-1
859,-2.0,-3,-3.2670000000000003,0.524,-3.791,-3.2670000000000003,0,-2,-1
305,-0.3333333333333339,-1,-4.015000000000001,-4.883,0.868,-4.015000000000001,-3,-3,-2
1098,5.333333333333333,-4,-0.544,-0.846,0.303,-0.544,-2,-2,-1
486,3.0,-9,-0.4509999999999996,-2.3,1.848,-0.4509999999999996,-1,-6,0
756,-12.333333333333332,-9,-10.971,-4.083,-6.889,-10.971,-3,0,-1
1141,30.666666666666668,3,-2.2310000000000003,-2.775,0.5430000000000001,-2.2310000000000003,0,-3,-1
1186,9.666666666666666,5,1.388,2.287,-0.899,1.388,0,-6,-1
249,-9.333333333333332,-9,-9.891,-2.87,-7.022,-9.891,-3,-7,-2
868,-5.666666666666667,-9,1.574,-1.027,2.603,1.574,-1,3,1
583,-10.333333333333332,-1,-0.4209999999999998,3.285,-3.705,-0.4209999999999998,0,-1,-1
71,16.333333333333332,-2,3.357,0.907,2.45,3.357,1,-1,0
94,5.666666666666667,9,9.311,6.856,2.4560000000000004,9.311,3,3,0
534,-16.333333333333336,7,-1.7110000000000003,-1.3099999999999996,-0.3989999999999999,-1.7110000000000003,1,-4,1
33,-4.666666666666667,9,11.929,6.656,5.274,11.929,3,3,1
842,-31.66666666666666,7,-1.81,3.545,-5.354,-1.81,0,-5,-1
567,10.666666666666668,5,2.422,-0.141,2.563,2.422,-1,-3,0
448,24.0,3,11.983,8.388,3.594,11.983,2,2,0
445,-26.0,-15,-9.216,-6.003,-3.215,-9.216,-3,-2,-2
259,-0.6666666666666661,-1,-2.248,-2.5170000000000003,0.2680000000000002,-2.248,-1,-2,0
204,-20.0,0,4.54,-0.322,4.863,4.54,0,2,2
561,-2.333333333333333,-4,-1.959,-3.114,1.155,-1.959,-3,-5,-1
807,-24.33333333333333,1,5.611,1.521,4.089,5.611,1,8,1
1085,-18.666666666666664,-3,-7.194,-6.489,-0.704,-7.194,-1,-4,0
365,20.0,1,2.399,1.111,1.2879999999999998,2.399,0,-2,0
825,5.333333333333334,-2,3.1979999999999995,-1.258,4.455,3.1979999999999995,0,-1,0
77,10.666666666666666,-1,5.211,5.095,0.1149999999999999,5.211,4,4,1
84,21.66666666666666,1,3.5970000000000004,-3.84,7.436999999999999,3.5970000000000004,2,11,2
528,-0.6666666666666665,6,10.486,9.279,1.207,10.486,6,6,2
82,-12.0,-14,-13.486,-7.71,-5.777,-13.486,-4,-3,-2
457,2.333333333333333,-1,2.736,-0.018,2.754,2.736,-1,2,-1
1125,-9.666666666666668,-4,-6.271000000000001,-5.432,-0.8399999999999999,-6.271000000000001,0,1,1
771,8.666666666666666,8,12.947,8.667,4.28,12.947,5,4,1
789,2.666666666666667,-5,-2.671,-4.521,1.849,-2.671,-2,2,0
723,11.0,-3,3.891,0.002,3.89,3.891,0,0,2
436,-4.666666666666666,3,-3.005,2.093,-5.098,-3.005,1,4,0
543,13.0,9,5.76,5.796,-0.0349999999999999,5.76,3,0,2
539,-4.0,-3,-4.667999999999999,-2.856,-1.811,-4.667999999999999,-1,-3,0
621,8.333333333333334,2,5.156999999999999,1.856,3.3,5.156999999999999,3,4,1
350,11.666666666666666,-4,3.124,-1.005,4.129,3.124,0,4,0
196,-9.333333333333334,-7,1.3189999999999995,0.7819999999999998,0.537,1.3189999999999995,1,4,0
464,17.333333333333332,9,14.831,8.745000000000001,6.087,14.831,4,2,1
1057,0.6666666666666661,6,-1.6909999999999998,4.633,-6.323,-1.6909999999999998,1,3,-1
5,1.0,1,-1.0179999999999998,-2.011,0.994,-1.0179999999999998,-2,-1,0
310,15.333333333333332,-7,-0.3759999999999994,0.0830000000000001,-0.4599999999999999,-0.3759999999999994,0,-3,-1
404,5.000000000000001,-1,-3.456,-2.223,-1.232,-3.456,1,-1,1
1032,-9.0,-4,-13.307,-8.672,-4.635,-13.307,-4,-5,-2
636,22.33333333333333,-5,-0.1180000000000003,-2.3280000000000003,2.208,-0.1180000000000003,1,2,0
104,5.0,0,-2.5170000000000003,-1.293,-1.224,-2.5170000000000003,1,0,2
97,-15.333333333333332,2,7.471,7.106,0.364,7.471,2,4,1
1172,1.3333333333333333,9,5.02,5.993,-0.974,5.02,4,3,0
526,6.6000000000000005,4,0.544,0.846,-0.303,0.544,2,2,1
816,4.666666666666666,1,2.248,2.5170000000000003,-0.2680000000000002,2.248,1,2,0
916,10.666666666666668,7,-0.137,4.1370000000000005,-4.274,-0.137,1,-1,-1
314,16.0,-7,1.81,-3.545,5.354,1.81,0,5,1
598,-11.666666666666666,-5,1.3450000000000002,1.035,0.31,1.3450000000000002,0,-1,-1
594,-3.999999999999999,1,3.456,2.223,1.232,3.456,-1,1,-1
62,-21.666666666666664,4,5.329000000000001,7.423,-2.093,5.329000000000001,3,2,1
281,-1.6666666666666663,9,5.02,5.993,-0.974,5.02,4,3,0
1031,5.0,9,-1.574,1.027,-2.603,-1.574,1,-3,-1
266,8.0,4,0.544,0.846,-0.303,0.544,2,2,1
650,21.0,-2,1.1959999999999995,0.2119999999999997,0.983,1.1959999999999995,1,1,-1
238,-6.0,6,1.737,5.015,-3.279,1.737,1,-7,-1
223,-6.666666666666667,3,-0.926,-3.608,2.682,-0.926,-2,-1,0
145,7.666666666666666,4,2.0940000000000003,6.912,-4.817,2.0940000000000003,1,2,0
1106,4.666666666666666,-9,3.247,-0.435,3.683,3.247,0,7,1
373,-4.666666666666666,-1,6.1530000000000005,3.104,3.048,6.1530000000000005,1,1,-1
118,26.666666666666664,-1,0.667,1.416,-0.749,0.667,2,5,2
786,-4.333333333333332,4,1.136,4.339,-3.202,1.136,1,-1,0
250,1.3333333333333337,3,7.194,6.489,0.704,7.194,1,4,0
1144,-24.0,9,-3.247,0.435,-3.683,-3.247,0,-7,-1
9,7.5,7,0.3759999999999994,-0.0830000000000001,0.4599999999999999,0.3759999999999994,0,3,1
449,3.0,0,3.86,4.662,-0.802,3.86,1,2,0
1033,16.666666666666664,5,7.601,2.557,5.0440000000000005,7.601,1,0,1
389,26.33333333333333,15,18.222,12.851,5.372,18.222,7,6,2
613,-0.6666666666666661,0,8.037,3.182,4.855,8.037,0,-1,-1
460,-26.66666666666666,-2,-14.503,-8.884,-5.617999999999999,-14.503,-5,-6,-1
1054,15.000000000000002,-11,-12.812,-7.179,-5.634,-12.812,-3,-7,-2
144,-4.666666666666667,0,5.178999999999999,2.698,2.481,5.178999999999999,2,3,1
501,10.333333333333334,2,1.6509999999999994,2.71,-1.0599999999999996,1.6509999999999994,-1,-4,0
1183,-11.333333333333334,-2,-5.156999999999999,-1.856,-3.3,-5.156999999999999,-3,-4,-1
177,9.0,-1,-5.301,-3.2,-2.101,-5.301,-1,3,0
1146,-21.66666666666666,-7,-3.278,-2.006,-1.273,-3.278,-1,-2,-1
845,-23.33333333333333,0,-1.6729999999999996,-0.592,-1.08,-1.6729999999999996,-1,-4,0
572,37.333333333333336,8,10.927,7.313,3.614,10.927,2,6,1
1181,13.666666666666668,2,5.156999999999999,1.856,3.3,5.156999999999999,3,4,1
7,-25.0,-3,-1.944,-2.293,0.349,-1.944,0,2,0
903,-10.666666666666666,1,7.649,5.307,2.341,7.649,1,4,0
824,-15.666666666666666,-9,-5.02,-5.993,0.974,-5.02,-4,-3,0
357,7.666666666666666,-4,-0.544,-0.846,0.303,-0.544,-2,-2,-1
329,38.26666666666666,5,12.64,7.255999999999999,5.384,12.64,2,0,0
796,-8.333333333333334,-7,-7.471,-5.09,-2.382,-7.471,-3,-5,-2
813,8.0,9,10.971,4.083,6.889,10.971,3,0,1
258,11.0,-5,7.547,2.8759999999999994,4.67,7.547,1,5,0
986,22.666666666666664,0,5.135,1.093,4.042,5.135,-1,0,-1
760,21.666666666666668,2,-3.357,-0.907,-2.45,-3.357,-1,1,0
589,14.666666666666668,-3,-7.135,-4.062,-3.073,-7.135,-2,-7,-1
812,-3.0,-3,2.777,2.027,0.75,2.777,0,-2,-1
525,8.0,5,-1.3450000000000002,-1.035,-0.31,-1.3450000000000002,0,1,1
1069,1.3333333333333333,0,2.155,-0.702,2.857,2.155,2,7,2
1152,3.0,6,0.5390000000000001,-0.957,1.497,0.5390000000000001,-1,-1,1
736,-14.666666666666666,-6,-8.911,-5.995,-2.916,-8.911,-4,-3,-2
1128,5.333333333333334,-1,3.08,0.29,2.79,3.08,0,-1,-1
440,11.333333333333334,2,0.1130000000000001,2.956,-2.843,0.1130000000000001,-1,-2,-1
531,5.666666666666666,-1,-4.512,-1.282,-3.23,-4.512,0,2,1
940,-36.99999999999999,-15,-18.222,-12.851,-5.372,-18.222,-7,-6,-2
228,12.333333333333334,6,-3.2030000000000003,-0.8600000000000001,-2.344,-3.2030000000000003,0,-2,0
1078,9.666666666666668,-5,1.348,-1.3410000000000002,2.6870000000000003,1.348,-1,3,0
212,-7.0,1,3.5970000000000004,-3.84,7.436999999999999,3.5970000000000004,2,11,2
79,7.0,-1,-4.735999999999999,-5.141,0.405,-4.735999999999999,-3,-3,0
148,-27.0,-8,-10.927,-7.313,-3.614,-10.927,-2,-6,-1
1165,-10.666666666666666,-5,1.056,1.0750000000000002,-0.02,1.056,0,-4,-1
694,6.666666666666667,-2,-0.8680000000000001,1.635,-2.503,-0.8680000000000001,0,-4,-1
578,-23.333333333333336,3,-6.408,-1.295,-5.114,-6.408,1,0,0
133,-12.333333333333332,-9,-13.579,-8.850999999999999,-4.727,-13.579,-5,-6,-2
1133,18.0,7,3.278,2.006,1.273,3.278,1,2,1
408,7.333333333333334,0,-4.789,-1.899,-2.89,-4.789,-1,2,0
660,-13.0,-9,-13.184,-8.102,-5.081,-13.184,-4,-2,-1
507,27.33333333333333,7,4.236,4.579,-0.3420000000000001,4.236,1,5,1
857,0.666666666666667,0,-6.593999999999999,-4.966,-1.629,-6.593999999999999,-3,-6,-1
504,-21.0,2,4.334,3.081,1.253,4.334,1,-2,0
806,-5.333333333333334,1,-3.08,-0.29,-2.79,-3.08,0,1,1
347,-16.33333333333333,-8,-6.2940000000000005,-6.71,0.4149999999999996,-6.2940000000000005,-1,4,0
386,-2.666666666666666,8,2.26,-0.0049999999999998,2.267,2.26,-1,1,1
0,-16.0,-5,0.123,0.5700000000000001,-0.4459999999999999,0.123,0,3,1
360,-40.333333333333336,-4,-12.436,-7.262,-5.174,-12.436,-3,-4,-1
1121,0.0,-1,3.08,0.29,2.79,3.08,0,-1,-1
475,-16.0,-11,-11.084,-7.039,-4.046,-11.084,-2,2,0
762,-11.666666666666668,2,-3.1979999999999995,1.258,-4.455,-3.1979999999999995,0,1,0
738,16.0,-4,4.635,1.852,2.784,4.635,0,1,0
172,36.333333333333336,7,5.896,1.806,4.091,5.896,1,2,2
450,9.333333333333332,11,11.474,7.838,3.637,11.474,3,3,1
125,9.0,6,8.765,3.703,5.063,8.765,2,-4,2
948,-15.666666666666668,-6,-8.911,-5.995,-2.916,-8.911,-4,-3,-2
530,-6.333333333333333,-6,-14.875,-7.45,-7.426,-14.875,-4,-7,-2
90,1.0,9,13.579,8.850999999999999,4.727,13.579,5,6,2
1149,0.0,-6,-0.5390000000000001,0.957,-1.497,-0.5390000000000001,1,1,-1
181,18.666666666666668,-5,3.791,0.4109999999999999,3.38,3.791,2,9,2
1134,-13.0,1,-3.08,-0.29,-2.79,-3.08,0,1,1
979,24.0,6,14.875,7.45,7.426,14.875,4,7,2
251,-24.0,-8,-5.677,-3.117,-2.561,-5.677,-1,0,-1
69,-1.333333333333333,-6,-2.317,-1.029,-1.287,-2.317,-1,3,-1
131,-1.333333333333334,-2,-7.471,-7.106,-0.364,-7.471,-2,-4,-1
300,17.333333333333332,6,7.250999999999999,8.768,-1.517,7.250999999999999,4,6,1
657,6.999999999999999,-2,5.345,1.905,3.44,5.345,1,2,1
326,-7.666666666666667,1,-0.1189999999999997,-1.088,0.969,-0.1189999999999997,-1,-8,0
998,20.666666666666668,-3,1.868,1.617,0.2509999999999999,1.868,-1,-2,-2
499,-43.66666666666667,3,2.402,0.6709999999999999,1.731,2.402,2,5,2
814,-2.333333333333333,-1,-3.579,-0.7769999999999999,-2.804,-3.579,0,-5,-1
899,1.9999999999999991,2,-3.672,-1.313,-2.36,-3.672,0,2,-1
495,-26.0,0,2.902,2.089,0.8130000000000002,2.902,1,-1,0
338,10.333333333333334,-2,6.908,0.1479999999999999,6.760999999999999,6.908,2,7,2
944,4.666666666666666,0,1.6729999999999996,0.592,1.08,1.6729999999999996,1,4,0
164,-19.33333333333333,6,11.428,7.288,4.14,11.428,3,3,0
28,-14.166666666666666,6,8.765,3.703,5.063,8.765,2,-4,2
516,12.666666666666666,-3,3.891,0.002,3.89,3.891,0,0,2
193,14.333333333333332,0,7.095000000000001,5.173,1.922,7.095000000000001,3,2,1
764,-2.0,5,6.692,2.147,4.545,6.692,0,0,0
169,20.333333333333336,-1,-4.512,-1.282,-3.23,-4.512,0,2,1
768,-36.0,0,-14.758,-7.074999999999999,-7.683999999999999,-14.758,-3,-5,-2
173,16.666666666666668,0,-3.86,-4.662,0.802,-3.86,-1,-2,0
518,-10.333333333333332,-6,-3.4559999999999995,-0.2069999999999998,-3.25,-3.4559999999999995,0,-2,0
900,7.0,12,7.074,8.336,-1.26,7.074,3,-1,1
688,8.0,9,19.778,13.068,6.71,19.778,7,8,2
491,-9.0,-6,-11.428,-7.288,-4.14,-11.428,-3,-3,0
73,32.66666666666667,5,6.771000000000001,4.285,2.487,6.771000000000001,3,6,1
961,13.0,3,10.867,7.073,3.794,10.867,3,5,0
587,-3.333333333333333,-2,-7.85,-6.927,-0.923,-7.85,-1,2,0
234,-18.666666666666668,-6,-13.202,-6.858,-6.346,-13.202,-3,-3,-2
214,7.333333333333333,3,12.527,4.3,8.227,12.527,3,2,1
927,1.0,-1,-1.5539999999999998,0.496,-2.049,-1.5539999999999998,0,4,0
132,-6.666666666666666,-2,-3.348,-3.467,0.119,-3.348,-1,2,0
926,45.66666666666667,6,11.428,7.288,4.14,11.428,3,3,0
921,-32.66666666666667,-8,-5.938,-3.997,-1.942,-5.938,-2,0,-1
185,-26.666666666666664,-6,-8.765,-3.703,-5.063,-8.765,-2,4,-2
41,-14.333333333333334,1,-6.1530000000000005,-3.104,-3.048,-6.1530000000000005,-1,-1,1
108,-16.666666666666668,-2,-12.361,-4.879,-7.481999999999999,-12.361,-2,-1,-2
830,-14.666666666666668,-3,-7.286,-2.656,-4.629,-7.286,-1,-3,-1
568,6.333333333333334,-3,-5.247999999999999,1.13,-6.377000000000001,-5.247999999999999,-1,-7,-2
1150,11.666666666666666,8,3.4659999999999997,6.489,-3.023,3.4659999999999997,4,7,0
980,-10.333333333333334,8,5.677,3.117,2.561,5.677,1,0,1
1142,17.0,4,6.271000000000001,5.432,0.8399999999999999,6.271000000000001,0,-1,-1
483,-8.666666666666668,-9,-7.736000000000001,-3.572,-4.165,-7.736000000000001,-1,0,0
468,-21.666666666666668,2,-0.845,0.383,-1.228,-0.845,-1,-5,-1
24,-1.666666666666666,2,5.156999999999999,1.856,3.3,5.156999999999999,3,4,1
1045,-16.333333333333336,0,4.193,3.084,1.109,4.193,2,3,1
667,-6.333333333333333,3,-5.564,-0.594,-4.97,-5.564,-1,-4,-2
737,12.333333333333334,-3,2.2310000000000003,2.775,-0.5430000000000001,2.2310000000000003,0,3,1
974,23.333333333333336,-2,4.382,5.831,-1.4500000000000002,4.382,1,2,-1
366,14.666666666666666,-1,6.1530000000000005,3.104,3.048,6.1530000000000005,1,1,-1
822,15.666666666666666,-13,-7.494999999999999,-5.051,-2.4450000000000003,-7.494999999999999,-3,0,-2
1040,-5.666666666666666,0,4.789,1.899,2.89,4.789,1,-2,0
383,2.333333333333333,-8,-0.8029999999999995,-2.9040000000000004,2.1,-0.8029999999999995,-3,0,-2
454,12.0,6,0.5390000000000001,-0.957,1.497,0.5390000000000001,-1,-1,1
264,8.333333333333329,9,10.971,4.083,6.889,10.971,3,0,1
745,-10.666666666666664,5,-1.348,1.3410000000000002,-2.6870000000000003,-1.348,1,-3,0
1081,-7.000000000000001,-4,-1.5069999999999997,-3.375,1.868,-1.5069999999999997,-1,-2,1
444,6.333333333333334,7,11.928,6.141,5.787,11.928,6,10,2
395,-3.666666666666667,1,5.635,-0.0539999999999999,5.689,5.635,2,7,1
727,2.6666666666666665,3,13.485,6.872999999999999,6.612,13.485,3,5,1
176,29.33333333333333,2,3.738,4.266,-0.528,3.738,2,3,1
18,-1.5,-2,0.455,-1.182,1.637,0.455,0,0,0
692,1.333333333333332,2,-3.747,-1.706,-2.041,-3.747,-2,-4,-1
798,-10.333333333333332,0,2.5170000000000003,1.293,1.224,2.5170000000000003,-1,0,-2
595,0.3333333333333335,-7,-3.539,-2.886,-0.654,-3.539,-2,-2,-1
61,6.333333333333333,-3,-1.554,-1.494,-0.06,-1.554,1,7,1
272,14.0,-1,1.794,1.973,-0.179,1.794,2,5,1
1113,-4.0,9,7.736000000000001,3.572,4.165,7.736000000000001,1,0,0
278,-10.0,3,-2.2310000000000003,-2.775,0.5430000000000001,-2.2310000000000003,0,-3,-1
823,-5.666666666666667,-4,-8.576,-2.6000000000000005,-5.976,-8.576,-2,-2,-1
368,-2.0,5,-3.791,-0.4109999999999999,-3.38,-3.791,-2,-9,-2
867,2.6666666666666665,-2,-6.952,-2.881,-4.071,-6.952,-1,2,-1
803,2.0,9,11.091,6.227,4.864,11.091,3,5,2
841,-5.333333333333334,2,2.163,0.982,1.181,2.163,0,0,1
707,-19.666666666666664,-8,-10.67,-9.512,-1.1589999999999998,-10.67,-3,-4,-1
827,6.666666666666667,-1,1.794,1.973,-0.179,1.794,2,5,1
547,-0.6666666666666661,-5,-8.785,-9.646,0.8610000000000001,-8.785,-2,-3,0
934,-4.666666666666666,1,1.8840000000000003,0.0780000000000002,1.807,1.8840000000000003,-1,-2,0
970,8.0,-4,3.282,-1.476,4.758,3.282,0,-4,1
456,8.666666666666666,5,6.441,3.039,3.401,6.441,0,-2,0
393,16.0,5,9.356,6.972,2.384,9.356,3,5,2
892,-4.333333333333333,0,-8.667,-7.318,-1.347,-8.667,-3,-5,0
1018,8.0,-1,1.809,-2.305,4.115,1.809,-2,-5,1
375,10.333333333333332,3,0.6490000000000001,-0.324,0.973,0.6490000000000001,0,2,0
412,-9.333333333333334,-2,-1.193,-4.169,2.976,-1.193,1,9,2
74,5.999999999999999,2,-4.865,-3.492,-1.3729999999999998,-4.865,0,8,0
1109,7.333333333333334,5,-1.056,-1.0750000000000002,0.02,-1.056,0,4,1
843,-7.666666666666666,9,6.984999999999999,3.885,3.0980000000000003,6.984999999999999,2,0,1
500,13.333333333333332,4,5.340999999999999,2.0890000000000004,3.252,5.340999999999999,0,2,0
1022,14.666666666666664,2,-6.908,-0.1479999999999999,-6.760999999999999,-6.908,-2,-7,-2
616,-21.33333333333333,-8,3.128,-1.523,4.652,3.128,-1,-1,1
114,24.0,1,0.4209999999999998,-3.285,3.705,0.4209999999999998,0,1,1
417,-8.333333333333332,0,-10.218,-7.396999999999999,-2.821,-10.218,-3,-3,0
601,4.666666666666666,0,-5.135,-1.093,-4.042,-5.135,1,0,1
604,5.666666666666668,0,4.018999999999999,3.18,0.8380000000000001,4.018999999999999,1,1,0
89,12.0,-1,-6.094,0.8180000000000001,-6.912,-6.094,0,2,-2
1136,-14.0,6,0.5390000000000001,-0.957,1.497,0.5390000000000001,-1,-1,1
498,30.0,-2,10.595,6.101,4.493,10.595,2,8,1
1164,9.333333333333334,-3,0.0439999999999995,-1.2950000000000002,1.339,0.0439999999999995,0,5,1
1124,10.333333333333334,8,3.4659999999999997,6.489,-3.023,3.4659999999999997,4,7,0
861,-9.0,4,-3.124,1.005,-4.129,-3.124,0,-4,0
11,4.666666666666667,0,-6.213,-0.2699999999999999,-5.943,-6.213,-1,-6,-2
396,17.666666666666668,-1,-3.456,-2.223,-1.232,-3.456,1,-1,1
739,-10.333333333333336,3,16.387,8.962,7.425,16.387,4,4,1
555,15.0,-3,-9.292,-3.789,-5.503,-9.292,-1,-2,0
42,-24.666666666666664,5,3.733,0.8239999999999998,2.91,3.733,1,2,1
167,0.0,-1,-0.361,2.675,-3.036,-0.361,0,-2,-1
416,-11.666666666666666,-6,-10.486,-9.279,-1.207,-10.486,-6,-6,-2
576,8.666666666666664,0,5.25,4.196,1.053,5.25,1,6,0
267,-3.333333333333333,-3,-11.983,-8.388,-3.594,-11.983,-2,-2,0
844,17.0,2,3.348,3.467,-0.119,3.348,1,-2,0
426,-16.33333333333333,0,2.155,-0.702,2.857,2.155,2,7,2
690,-7.666666666666666,4,4.398999999999999,4.08,0.3189999999999999,4.398999999999999,3,5,2
544,10.333333333333334,1,6.094,-0.8180000000000001,6.912,6.094,0,-2,2
1110,-9.666666666666668,0,4.1770000000000005,-1.48,5.657,4.1770000000000005,-1,-3,-1
674,11.0,-1,-2.248,-2.5170000000000003,0.2680000000000002,-2.248,-1,-2,0
689,0.0,1,-0.1779999999999999,1.799,-1.977,-0.1779999999999999,1,0,1
1042,25.0,-3,-2.1419999999999995,2.333,-4.475,-2.1419999999999995,0,-3,-1
1163,4.0,5,0.1180000000000003,2.3280000000000003,-2.208,0.1180000000000003,-1,-2,0
999,1.6666666666666663,-6,-6.292999999999999,-6.195,-0.098,-6.292999999999999,-4,-3,-1
864,0.6666666666666667,7,5.316,5.792,-0.4750000000000001,5.316,1,-2,0
257,17.0,7,5.275,4.184,1.092,5.275,2,2,1
335,-5.333333333333334,-7,-7.348,-6.536,-0.8099999999999999,-7.348,-2,-1,0
15,-9.0,1,0.7800000000000001,4.372,-3.592,0.7800000000000001,1,3,1
907,1.666666666666666,2,1.4319999999999995,0.992,0.4399999999999999,1.4319999999999995,0,-1,0
324,-0.3333333333333339,-2,-1.4319999999999995,-0.992,-0.4399999999999999,-1.4319999999999995,0,1,0
607,-15.0,-6,-0.6570000000000001,-3.802,3.146,-0.6570000000000001,-1,0,0
1041,-18.666666666666668,1,-5.226,-0.817,-4.409,-5.226,0,6,-1
774,23.33333333333333,1,4.735999999999999,5.141,-0.405,4.735999999999999,3,3,0
222,6.333333333333333,6,3.4559999999999995,0.2069999999999998,3.25,3.4559999999999995,0,2,0
179,-5.666666666666666,-6,-1.737,-5.015,3.279,-1.737,-1,7,1
99,9.333333333333334,3,10.552,7.184,3.367,10.552,4,6,1
521,12.0,6,3.956,2.165,1.791,3.956,1,-2,1
22,-3.166666666666667,-2,0.2550000000000003,-1.809,2.066,0.2550000000000003,-2,-1,1
356,28.0,8,8.843,3.71,5.132,8.843,2,3,2
941,-7.333333333333334,-2,-1.5910000000000002,-3.157,1.565,-1.5910000000000002,-1,1,0
1099,-17.333333333333332,0,-7.095000000000001,-5.173,-1.922,-7.095000000000001,-3,-2,-1
611,-22.0,-3,-10.552,-7.184,-3.367,-10.552,-4,-6,-1
988,-27.333333333333336,-6,-9.079,-6.355,-2.724,-9.079,-2,-5,-1
340,-6.333333333333334,8,10.67,9.512,1.1589999999999998,10.67,3,4,1
431,-10.0,-10,-6.545,-1.4819999999999998,-5.064,-6.545,-1,-4,-2
767,2.0,-1,-1.4420000000000002,3.138,-4.58,-1.4420000000000002,0,-4,0
217,-22.0,0,2.5170000000000003,1.293,1.224,2.5170000000000003,-1,0,-2
203,14.333333333333332,-5,1.348,-1.3410000000000002,2.6870000000000003,1.348,-1,3,0
886,-13.0,2,-4.382,-5.831,1.4500000000000002,-4.382,-1,-2,1
93,-0.6666666666666665,-5,7.547,2.8759999999999994,4.67,7.547,1,5,0
781,3.666666666666667,8,4.98,1.4240000000000004,3.5570000000000004,4.98,2,-3,1
68,6.666666666666667,-1,3.951,1.6999999999999993,2.251,3.951,1,0,0
875,9.0,3,2.1419999999999995,-2.333,4.475,2.1419999999999995,0,3,1
284,2.333333333333333,4,0.1540000000000001,0.0469999999999999,0.106,0.1540000000000001,1,-3,0
696,2.666666666666668,-4,-7.495999999999999,-1.3870000000000005,-6.109,-7.495999999999999,-2,-9,-2
85,19.0,5,-0.123,-0.5700000000000001,0.4459999999999999,-0.123,0,-3,-1
434,17.333333333333332,7,3.539,2.886,0.654,3.539,2,2,1
780,38.33333333333333,8,5.677,3.117,2.561,5.677,1,0,1
153,-7.666666666666667,-9,-14.831,-8.745000000000001,-6.087,-14.831,-4,-2,-1
75,-0.333333333333333,9,6.7940000000000005,5.563,1.2320000000000002,6.7940000000000005,4,3,2
1030,-4.666666666666667,0,0.958,2.573,-1.6150000000000002,0.958,0,3,0
580,-12.666666666666668,0,-16.430999999999997,-7.667,-8.764,-16.430999999999997,-4,-9,-2
446,3.000000000000001,4,6.916,5.373,1.543,6.916,2,5,0
703,-1.666666666666668,-8,-15.042,-7.927,-7.115,-15.042,-4,-5,-2
188,-3.0,-1,-5.635,0.0539999999999999,-5.689,-5.635,-2,-7,-1
271,-23.0,-13,-13.065,-10.995,-2.072,-13.065,-4,-2,-1
236,-4.333333333333333,-6,1.6909999999999998,-4.633,6.323,1.6909999999999998,-1,-3,1
487,-5.666666666666667,-1,-8.537,-2.035,-6.502,-8.537,-3,-6,-1
1147,-5.0,-3,2.2310000000000003,2.775,-0.5430000000000001,2.2310000000000003,0,3,1
559,17.333333333333336,2,-1.437,-3.1100000000000003,1.671,-1.437,0,-2,0
117,7.333333333333333,0,-1.66,2.773,-4.433,-1.66,0,3,-1
637,2.666666666666666,-6,-7.192,-1.0,-6.192,-7.192,-3,-7,-2
1108,5.0,-1,3.636,1.811,1.824,3.636,2,1,1
750,5.666666666666667,1,4.015000000000001,4.883,-0.868,4.015000000000001,3,3,2
512,0.3333333333333339,-2,-4.29,-1.476,-2.814,-4.29,2,5,2
633,5.666666666666667,0,-3.235,-0.5110000000000001,-2.724,-3.235,-2,0,-1
1006,9.333333333333334,3,4.79,0.329,4.460999999999999,4.79,1,2,0
985,7.0,-9,-9.56,-5.671,-3.889,-9.56,-4,-5,-2
834,6.666666666666667,5,3.595,4.84,-1.245,3.595,1,-4,0
126,-6.0,-8,-4.824,-0.5299999999999999,-4.2940000000000005,-4.824,-1,-2,-2
116,-2.6666666666666665,-2,-4.285,-1.4869999999999997,-2.797,-4.285,-2,-3,-1
473,-31.0,-10,-16.762999999999998,-8.879,-7.885,-16.762999999999998,-4,-7,-2
740,-3.333333333333333,1,-0.2770000000000001,-0.617,0.3399999999999999,-0.2770000000000001,-1,0,-1
973,-0.666666666666667,0,-5.178999999999999,-2.698,-2.481,-5.178999999999999,-2,-3,-1
57,17.666666666666668,-8,-0.8029999999999995,-2.9040000000000004,2.1,-0.8029999999999995,-3,0,-2
603,-13.333333333333334,3,-7.138999999999999,-3.878,-3.261,-7.138999999999999,-3,-7,-2
1039,-17.0,1,-3.636,-1.811,-1.824,-3.636,-2,-1,-1
656,-4.0,-9,-10.971,-4.083,-6.889,-10.971,-3,0,-1
1132,26.0,8,3.4659999999999997,6.489,-3.023,3.4659999999999997,4,7,0
902,-11.666666666666668,-7,-5.316,-5.792,0.4750000000000001,-5.316,-1,2,0
105,-3.333333333333333,5,-2.1180000000000003,0.181,-2.3,-2.1180000000000003,-1,-5,-2
635,-14.333333333333332,3,-3.311,-3.988,0.6760000000000002,-3.311,0,4,0
369,5.666666666666667,-2,-1.6509999999999994,-2.71,1.0599999999999996,-1.6509999999999994,1,4,0
268,7.999999999999998,0,-1.5750000000000002,-3.284,1.709,-1.5750000000000002,-2,-3,0
655,11.666666666666666,1,10.551,7.396,3.154,10.551,2,3,0
46,-9.5,-3,-1.554,-1.494,-0.06,-1.554,1,7,1
349,32.666666666666664,0,-4.1770000000000005,1.48,-5.657,-4.1770000000000005,1,3,1
773,18.0,-2,2.3680000000000003,0.47,1.898,2.3680000000000003,2,5,0
195,16.0,1,2.514,4.214,-1.701,2.514,2,4,1
102,-25.0,2,-7.02,-2.79,-4.23,-7.02,-2,1,-2
4,5.0,-1,0.1189999999999997,1.088,-0.969,0.1189999999999997,1,8,0
619,-15.666666666666666,3,9.292,3.789,5.503,9.292,1,2,0
971,23.33333333333333,-1,-4.957000000000001,-2.892,-2.065,-4.957000000000001,0,0,0
52,-19.33333333333333,-5,1.7280000000000002,-0.98,2.709,1.7280000000000002,0,0,1
263,10.666666666666668,5,3.733,0.8239999999999998,2.91,3.733,1,2,1
1080,13.333333333333336,3,-0.0439999999999995,1.2950000000000002,-1.339,-0.0439999999999995,0,-5,-1
443,-21.666666666666664,0,0.9420000000000002,-1.991,2.933,0.9420000000000002,-3,-3,-2
983,-17.333333333333332,-1,-1.4420000000000002,3.138,-4.58,-1.4420000000000002,0,-4,0
782,-30.666666666666668,1,-10.476,-5.013,-5.462,-10.476,-1,0,-1
885,-10.0,8,4.98,1.4240000000000004,3.5570000000000004,4.98,2,-3,1
691,-3.0,8,4.824,0.5299999999999999,4.2940000000000005,4.824,1,2,2
304,9.666666666666666,7,-1.3189999999999995,-0.7819999999999998,-0.537,-1.3189999999999995,-1,-4,0
341,-6.666666666666667,2,-3.785,-2.279,-1.5059999999999998,-3.785,0,1,-1
847,8.666666666666668,3,1.229,-4.31,5.539,1.229,0,6,2
313,26.33333333333333,9,6.7940000000000005,5.563,1.2320000000000002,6.7940000000000005,4,3,2
149,2.0,6,4.643000000000001,4.0,0.645,4.643000000000001,2,0,0
124,-8.333333333333334,-5,-3.733,-0.8239999999999998,-2.91,-3.733,-1,-2,-1
1050,22.666666666666668,4,-1.451,1.597,-3.049,-1.451,1,0,0
574,4.000000000000001,-5,-2.3950000000000005,-1.4829999999999997,-0.9130000000000004,-2.3950000000000005,-1,2,0
697,13.666666666666666,-5,1.056,1.0750000000000002,-0.02,1.056,0,-4,-1
664,10.666666666666666,3,7.286,2.656,4.629,7.286,1,3,1
50,9.833333333333334,-1,-0.7800000000000001,-4.372,3.592,-0.7800000000000001,-1,-3,-1
726,-3.666666666666666,1,0.361,-2.675,3.036,0.361,0,2,1
799,4.0,-6,-13.202,-6.858,-6.346,-13.202,-3,-3,-2
353,9.666666666666668,5,13.03,8.055,4.975,13.03,3,5,1
1140,6.333333333333334,-7,-3.278,-2.006,-1.273,-3.278,-1,-2,-1
142,-1.333333333333334,-13,-7.494999999999999,-5.051,-2.4450000000000003,-7.494999999999999,-3,0,-2
470,-5.666666666666668,-2,-5.156999999999999,-1.856,-3.3,-5.156999999999999,-3,-4,-1
653,-3.0,6,8.331,9.981,-1.65,8.331,4,-1,0
399,-12.0,-3,6.408,1.295,5.114,6.408,-1,0,0
888,12.0,0,6.593999999999999,4.966,1.629,6.593999999999999,3,6,1
968,-10.333333333333334,5,-1.348,1.3410000000000002,-2.6870000000000003,-1.348,1,-3,0
320,-8.666666666666666,-3,-7.194,-6.489,-0.704,-7.194,-1,-4,0
19,-8.833333333333332,16,15.207,8.661999999999999,6.547000000000001,15.207,4,5,2
684,4.0,-3,-3.316,-1.0700000000000005,-2.247,-3.316,1,3,0
35,4.333333333333333,6,3.892,4.313,-0.422,3.892,3,0,1
505,-11.333333333333332,1,-3.056,-5.797,2.742,-3.056,-2,3,1
1058,9.333333333333332,4,-3.124,1.005,-4.129,-3.124,0,-4,0
407,-13.666666666666668,-6,-4.643000000000001,-4.0,-0.645,-4.643000000000001,-2,0,0
817,13.333333333333334,-8,-3.9,-0.2110000000000003,-3.69,-3.9,-2,-4,-2
537,9.0,2,14.503,8.884,5.617999999999999,14.503,5,6,1
758,-11.666666666666666,-7,-5.275,-4.184,-1.092,-5.275,-2,-2,-1
1089,34.0,11,16.262999999999998,9.737,6.527,16.262999999999998,4,1,1
873,-6.333333333333333,3,11.447,3.087,8.36,11.447,3,9,2
38,-4.333333333333333,-2,-1.4319999999999995,-0.992,-0.4399999999999999,-1.4319999999999995,0,1,0
175,-9.0,0,-2.014,-5.361,3.348,-2.014,1,3,1
245,-2.999999999999999,5,2.671,4.521,-1.849,2.671,2,-2,0
810,7.666666666666666,4,6.747999999999999,5.013,1.735,6.747999999999999,4,3,1
1072,-21.333333333333336,5,4.122999999999999,1.6229999999999998,2.501,4.122999999999999,2,7,2
943,-4.0,-2,2.827,-0.294,3.121,2.827,0,-4,1
784,-15.0,3,-3.891,-0.002,-3.89,-3.891,0,0,-2
1171,2.666666666666666,-5,-0.1180000000000003,-2.3280000000000003,2.208,-0.1180000000000003,1,2,0
489,-4.0,3,3.316,1.0700000000000005,2.247,3.316,-1,-3,0
154,2.0,3,1.944,2.293,-0.349,1.944,0,-2,0
638,-0.666666666666667,-9,-2.966,-0.705,-2.26,-2.966,-1,1,-1
662,-14.666666666666668,-5,-9.356,-6.972,-2.384,-9.356,-3,-5,-2
287,11.0,2,12.361,4.879,7.481999999999999,12.361,2,1,2
625,12.333333333333334,-14,-5.637,-5.226,-0.411,-5.637,-3,3,-1
1114,-7.666666666666667,-1,0.1779999999999999,-1.799,1.977,0.1779999999999999,-1,0,-1
685,2.0,0,3.235,0.5110000000000001,2.724,3.235,2,0,1
853,-7.0,4,-3.596,-1.1760000000000002,-2.419,-3.596,0,-5,0
569,-3.0,-7,-6.956,-6.008,-0.948,-6.956,-4,-1,-1
1131,4.666666666666667,-9,3.247,-0.435,3.683,3.247,0,7,1
734,-19.0,2,-10.595,-6.101,-4.493,-10.595,-2,-8,-1
792,15.0,4,13.307,8.672,4.635,13.307,4,5,2
17,4.0,2,-7.962,-0.7989999999999999,-7.163,-7.962,1,4,0
127,-8.666666666666666,-4,-4.398999999999999,-4.08,-0.3189999999999999,-4.398999999999999,-3,-5,-2
322,34.0,6,8.662,7.18,1.483,8.662,3,1,0
255,-4.0,1,-0.1779999999999999,1.799,-1.977,-0.1779999999999999,1,0,1
924,-17.333333333333336,-2,-8.527,-6.165,-2.362,-8.527,-3,-1,-1
1166,-3.6666666666666665,5,0.1180000000000003,2.3280000000000003,-2.208,0.1180000000000003,-1,-2,0
190,-14.0,9,9.56,5.671,3.889,9.56,4,5,2
115,-9.0,0,2.014,5.361,-3.348,2.014,-1,-3,-1
1160,3.6666666666666665,-5,-0.1180000000000003,-2.3280000000000003,2.208,-0.1180000000000003,1,2,0
869,8.666666666666668,3,10.188,4.745,5.442,10.188,2,2,1
606,7.0,4,3.1740000000000004,8.125,-4.95,3.1740000000000004,1,-5,-1
180,10.666666666666668,3,8.35,5.779999999999999,2.57,8.35,4,5,2
301,1.333333333333334,-4,-9.534,-5.173,-4.361,-9.534,-2,-5,-1
496,-16.666666666666668,-8,-9.53,-5.545,-3.986,-9.53,-3,-5,-1
1007,-11.333333333333332,-2,-3.738,-4.266,0.528,-3.738,-2,-3,-1
1023,-7.666666666666667,-3,-8.35,-5.779999999999999,-2.57,-8.35,-4,-5,-2
963,16.0,0,4.94,5.875,-0.935,4.94,1,-5,-1
744,1.666666666666667,2,3.348,3.467,-0.119,3.348,1,-2,0
936,17.666666666666668,8,0.8029999999999995,2.9040000000000004,-2.1,0.8029999999999995,3,0,2
517,-19.0,2,4.334,3.081,1.253,4.334,1,-2,0
372,-20.66666666666666,-7,1.27,-1.348,2.618,1.27,-1,-4,0
45,5.333333333333333,0,5.5200000000000005,1.889,3.631,5.5200000000000005,1,-1,1
476,-13.333333333333334,4,7.108,4.455,2.652,7.108,2,3,2
157,-23.33333333333333,-3,-8.35,-5.779999999999999,-2.57,-8.35,-4,-5,-2
1034,-18.0,-3,-1.944,-2.293,0.349,-1.944,0,2,0
171,17.0,-2,0.845,-0.383,1.228,0.845,1,5,1
16,-13.0,-2,-6.372,-6.867,0.4950000000000001,-6.372,-1,6,1
511,14.666666666666666,2,12.361,4.879,7.481999999999999,12.361,2,1,2
48,22.666666666666668,-2,8.581,0.74,7.840999999999999,8.581,3,11,2
191,9.0,-8,-3.32,-4.197,0.8759999999999999,-3.32,-2,0,0
546,2.0,-5,-2.515,-3.627,1.112,-2.515,-1,-3,-1
515,1.0,-6,-8.765,-3.703,-5.063,-8.765,-2,4,-2
958,-6.333333333333334,-7,-8.413,-3.099,-5.315,-8.413,0,-2,0
949,32.0,0,3.236,-1.165,4.401,3.236,2,9,1
828,8.0,7,14.756,6.362,8.395,14.756,3,-1,2
964,29.33333333333333,0,5.25,4.196,1.053,5.25,1,6,0
480,1.0,9,3.3469999999999995,5.401,-2.0540000000000003,3.3469999999999995,3,-1,0
1116,33.333333333333336,3,0.6490000000000001,-0.324,0.973,0.6490000000000001,0,2,0
283,36.99999999999999,1,4.512,1.282,3.23,4.512,0,-2,-1
1013,-3.6666666666666665,12,7.074,8.336,-1.26,7.074,3,-1,1
797,20.666666666666664,4,1.959,3.114,-1.155,1.959,3,5,1
920,-10.666666666666666,2,-8.581,-0.74,-7.840999999999999,-8.581,-3,-11,-2
225,9.333333333333332,2,6.372,6.867,-0.4950000000000001,6.372,1,-6,-1
26,15.333333333333332,-8,-4.28,-1.3490000000000002,-2.9330000000000003,-4.28,-2,1,-1
282,2.333333333333333,0,-5.5200000000000005,-1.889,-3.631,-5.5200000000000005,-1,1,-1
1137,30.33333333333333,4,6.271000000000001,5.432,0.8399999999999999,6.271000000000001,0,-1,-1
437,-28.666666666666664,3,5.247999999999999,-1.13,6.377000000000001,5.247999999999999,1,7,2
1154,-5.333333333333334,3,-0.0439999999999995,1.2950000000000002,-1.339,-0.0439999999999995,0,-5,-1
364,10.666666666666666,4,2.0940000000000003,6.912,-4.817,2.0940000000000003,1,2,0
229,-8.666666666666666,-2,-8.303999999999998,-4.667,-3.635,-8.303999999999998,-3,-4,-1
37,-9.666666666666666,8,3.32,4.197,-0.8759999999999999,3.32,2,0,0
669,-5.0,-2,3.785,2.279,1.5059999999999998,3.785,0,-1,1
749,-15.0,-7,-2.098,-2.34,0.243,-2.098,-1,5,0
1167,-5.666666666666667,-3,0.0439999999999995,-1.2950000000000002,1.339,0.0439999999999995,0,5,1
374,8.333333333333332,4,-4.635,-1.852,-2.784,-4.635,0,-1,0
469,0.3333333333333339,-4,-6.916,-5.373,-1.543,-6.916,-2,-5,0
882,2.666666666666668,4,7.495999999999999,1.3870000000000005,6.109,7.495999999999999,2,9,2
1168,-20.33333333333333,-9,-5.02,-5.993,0.974,-5.02,-4,-3,0
687,-12.0,8,4.28,1.3490000000000002,2.9330000000000003,4.28,2,-1,1
32,-2.333333333333334,-1,-3.5970000000000004,3.84,-7.436999999999999,-3.5970000000000004,-2,-11,-2
989,3.666666666666666,-8,-0.2839999999999998,-0.852,0.569,-0.2839999999999998,-1,0,0
1026,0.6666666666666661,-12,-7.074,-8.336,1.26,-7.074,-3,1,-1
194,-9.666666666666668,3,-4.984,-4.58,-0.4039999999999999,-4.984,-1,0,0
1093,14.666666666666668,0,6.213,0.2699999999999999,5.943,6.213,1,6,2
1101,19.0,1,10.807,5.375,5.433,10.807,2,5,2
932,-9.0,-5,-6.441,-3.039,-3.401,-6.441,0,2,0
503,-6.000000000000001,7,8.692,7.306,1.386,8.692,4,1,1
915,-7.000000000000001,3,-1.473,-0.8289999999999997,-0.643,-1.473,-2,-1,0
1155,-1.333333333333332,-3,2.2310000000000003,2.775,-0.5430000000000001,2.2310000000000003,0,3,1
1169,-11.333333333333334,-5,1.056,1.0750000000000002,-0.02,1.056,0,-4,-1
1075,0.3333333333333321,-7,-8.422,-6.995,-1.427,-8.422,-2,-2,-1
800,-1.0,1,5.611,1.521,4.089,5.611,1,8,1
579,-4.333333333333333,-7,-7.471,-5.09,-2.382,-7.471,-3,-5,-2
160,8.333333333333334,3,6.327999999999999,0.0830000000000001,6.244,6.327999999999999,1,0,1
680,-6.333333333333334,2,1.5910000000000002,3.157,-1.565,1.5910000000000002,1,-1,0
1118,4.333333333333333,-2,5.445,-0.494,5.939,5.445,0,-4,2
162,16.333333333333336,7,7.348,6.536,0.8099999999999999,7.348,2,1,0
821,7.6666666666666625,2,7.85,6.927,0.923,7.85,1,-2,0
705,-9.0,5,4.122999999999999,1.6229999999999998,2.501,4.122999999999999,2,7,2
987,1.0,-8,-3.32,-4.197,0.8759999999999999,-3.32,-2,0,0
877,-10.666666666666666,1,-1.794,-1.973,0.179,-1.794,-2,-5,-1
895,-12.333333333333332,0,-7.095000000000001,-5.173,-1.922,-7.095000000000001,-3,-2,-1
913,25.666666666666668,15,18.222,12.851,5.372,18.222,7,6,2
1185,-15.666666666666668,-2,-5.156999999999999,-1.856,-3.3,-5.156999999999999,-3,-4,-1
152,-3.0,2,-5.445,0.494,-5.939,-5.445,0,4,-2
959,4.333333333333334,-5,3.401,-0.3880000000000001,3.789,3.401,1,4,1
982,-10.666666666666668,-2,-8.303999999999998,-4.667,-3.635,-8.303999999999998,-3,-4,-1
509,24.66666666666666,-2,-5.457000000000001,-1.745,-3.712,-5.457000000000001,-3,-7,-2
111,-3.666666666666667,1,1.86,5.585,-3.725,1.86,1,-4,0
226,19.0,0,4.193,3.084,1.109,4.193,2,3,1
966,19.33333333333333,-3,-2.402,-0.6709999999999999,-1.731,-2.402,-2,-5,-2
851,2.333333333333333,0,-5.25,-4.196,-1.053,-5.25,-1,-6,0
103,10.0,7,5.275,4.184,1.092,5.275,2,2,1
421,-2.333333333333332,2,-1.928,1.217,-3.146,-1.928,1,-3,-1
419,-0.9999999999999992,8,9.53,5.545,3.986,9.53,3,5,1
624,27.0,0,6.6530000000000005,1.957,4.694999999999999,6.6530000000000005,4,8,1
586,6.333333333333333,-1,-1.8840000000000003,-0.0780000000000002,-1.807,-1.8840000000000003,1,2,0
1048,-4.333333333333333,1,5.9910000000000005,2.659,3.332,5.9910000000000005,1,3,0
919,20.666666666666664,2,1.193,4.169,-2.976,1.193,-1,-9,-2
672,-12.333333333333334,-8,-8.913,-1.952,-6.962,-8.913,-3,-9,-2
119,3.6666666666666665,-1,-4.735999999999999,-5.141,0.405,-4.735999999999999,-3,-3,0
53,8.333333333333332,6,13.868,8.254000000000001,5.614,13.868,3,3,1
151,-22.0,-10,-15.826999999999998,-11.368,-4.459,-15.826999999999998,-6,-8,-2
403,17.999999999999996,10,9.233,6.402,2.83,9.233,3,2,1
1175,13.666666666666668,5,0.1180000000000003,2.3280000000000003,-2.208,0.1180000000000003,-1,-2,0
207,-15.666666666666668,-10,-0.3319999999999998,-1.212,0.879,-0.3319999999999998,0,2,0
1122,-19.333333333333336,-9,3.247,-0.435,3.683,3.247,0,7,1
658,12.666666666666666,10,10.564,4.662,5.902,10.564,2,5,2
1084,-7.333333333333334,-9,-9.311,-6.856,-2.4560000000000004,-9.311,-3,-3,0
232,-6.333333333333333,0,-2.618,0.1999999999999999,-2.818,-2.618,0,0,-1
8,7.0,3,-1.868,-1.617,-0.2509999999999999,-1.868,1,2,2
159,8.666666666666666,2,5.457000000000001,1.745,3.712,5.457000000000001,3,7,2
36,-3.0,-1,-4.6770000000000005,2.627,-7.304,-4.6770000000000005,-2,-4,-1
452,15.0,7,4.4030000000000005,3.815,0.589,4.4030000000000005,1,1,1
651,-14.0,13,7.494999999999999,5.051,2.4450000000000003,7.494999999999999,3,0,2
253,-11.333333333333332,-1,-10.113,-2.362,-7.75,-10.113,-1,1,-2
303,45.0,14,13.486,7.71,5.777,13.486,4,3,2
896,-7.666666666666667,-3,-6.327999999999999,-0.0830000000000001,-6.244,-6.327999999999999,-1,0,-1
1036,-14.666666666666666,-3,1.863,1.6279999999999997,0.234,1.863,3,6,1
880,9.333333333333334,-6,-4.643000000000001,-4.0,-0.645,-4.643000000000001,-2,0,0
571,-8.333333333333332,1,5.635,-0.0539999999999999,5.689,5.635,2,7,1
623,21.33333333333333,-3,-2.012,0.1280000000000001,-2.14,-2.012,-1,0,-1
1000,10.333333333333332,0,1.08,1.213,-0.133,1.08,0,-7,-1
1014,2.666666666666667,-6,0.3009999999999999,-1.229,1.531,0.3009999999999999,-1,3,0
1004,18.666666666666664,-3,5.564,0.594,4.97,5.564,1,4,2
262,-7.333333333333333,1,1.5539999999999998,-0.496,2.049,1.5539999999999998,0,-4,0
610,-1.0,-7,-0.3029999999999995,-4.051,3.747,-0.3029999999999995,0,7,0
297,7.666666666666666,-2,5.445,-0.494,5.939,5.445,0,-4,2
414,25.0,15,9.216,6.003,3.215,9.216,3,2,2
150,0.333333333333333,-7,-5.3340000000000005,-1.175,-4.158,-5.3340000000000005,-3,-4,-1
945,17.333333333333336,0,-2.155,0.702,-2.857,-2.155,-2,-7,-2
472,4.333333333333334,1,0.5,-1.147,1.6469999999999998,0.5,3,7,2
952,-12.0,-1,-10.551,-7.396,-3.154,-10.551,-2,-3,0
778,25.33333333333333,-3,7.138999999999999,3.878,3.261,7.138999999999999,3,7,2
640,6.333333333333333,2,4.887,1.545,3.341,4.887,1,5,1
1176,1.3333333333333337,-5,1.056,1.0750000000000002,-0.02,1.056,0,-4,-1
1117,10.666666666666668,7,-1.27,1.348,-2.618,-1.27,1,4,0
550,-4.666666666666666,0,-0.58,3.986,-4.566,-0.58,0,-4,-2
639,6.333333333333333,1,10.551,7.396,3.154,10.551,2,3,0
935,15.000000000000002,-1,0.2189999999999999,-1.311,1.53,0.2189999999999999,0,2,1
928,-27.33333333333333,-13,-13.065,-10.995,-2.072,-13.065,-4,-2,-1
488,39.66666666666667,5,7.211,4.199,3.014,7.211,2,0,2
819,-8.0,-2,10.595,6.101,4.493,10.595,2,8,1
710,-17.666666666666664,0,-3.417,-3.122,-0.294,-3.417,-2,1,0
1068,-3.666666666666667,-1,0.2770000000000001,0.617,-0.3399999999999999,0.2770000000000001,1,0,1
147,-10.333333333333332,-6,-8.331,-9.981,1.65,-8.331,-4,1,0
146,25.333333333333336,2,2.221,2.91,-0.689,2.221,1,-2,1
1120,17.666666666666668,-3,2.2310000000000003,2.775,-0.5430000000000001,2.2310000000000003,0,3,1
962,6.333333333333332,1,10.807,5.375,5.433,10.807,2,5,2
345,16.666666666666664,0,1.5750000000000002,3.284,-1.709,1.5750000000000002,2,3,0
402,-6.666666666666667,1,-1.976,-4.584,2.609,-1.976,-2,-4,0
931,5.0,1,-1.858,0.175,-2.034,-1.858,0,-3,-1
954,-4.0,0,-6.199,-4.217,-1.983,-6.199,-2,-2,0
1112,-4.0,3,6.804,5.69,1.113,6.804,0,-1,-1
659,-18.0,-1,-0.5,1.147,-1.6469999999999998,-0.5,-3,-7,-2
770,32.666666666666664,8,3.9,0.2110000000000003,3.69,3.9,2,4,2
348,7.333333333333334,-4,-3.1740000000000004,-8.125,4.95,-3.1740000000000004,-1,5,1
463,10.0,5,1.388,2.287,-0.899,1.388,0,-6,-1
325,-5.333333333333333,2,-1.1959999999999995,-0.2119999999999997,-0.983,-1.1959999999999995,-1,-1,1
186,0.0,-4,1.451,-1.597,3.049,1.451,-1,0,0
123,-8.333333333333332,-5,-17.819,-9.954,-7.865,-17.819,-4,-3,-1
1092,10.333333333333334,1,10.113,2.362,7.75,10.113,1,-1,2
608,-2.333333333333333,-1,-5.031,-5.507,0.477,-5.031,-1,-4,1
143,13.0,-3,-1.629,-1.887,0.2589999999999999,-1.629,-1,1,1
751,32.99999999999999,-3,8.081,1.887,6.194,8.081,0,4,0
1161,42.66666666666666,9,5.02,5.993,-0.974,5.02,4,3,0
906,-5.666666666666666,2,-8.581,-0.74,-7.840999999999999,-8.581,-3,-11,-2
981,3.0,-2,-0.503,-3.755,3.252,-0.503,0,-3,0
197,20.666666666666664,4,8.576,2.6000000000000005,5.976,8.576,2,2,1
609,14.0,6,6.292999999999999,6.195,0.098,6.292999999999999,4,3,1
883,-18.666666666666664,-2,-0.0750000000000001,-2.383,2.308,-0.0750000000000001,-1,-3,1
836,-3.6666666666666665,-1,-3.0170000000000003,-0.1459999999999999,-2.871,-3.0170000000000003,-2,-7,0
279,20.33333333333333,8,15.042,7.927,7.115,15.042,4,5,2
293,-12.333333333333334,-3,-13.485,-6.872999999999999,-6.612,-13.485,-3,-5,-1
1115,1.9999999999999991,0,-0.3899999999999999,-0.799,0.409,-0.3899999999999999,-1,-5,-1
400,21.0,-7,-0.3759999999999994,0.0830000000000001,-0.4599999999999999,-0.3759999999999994,0,-3,-1
122,7.333333333333334,-3,-2.151,-1.5630000000000002,-0.5870000000000002,-2.151,-2,-3,-2
202,10.666666666666666,6,8.911,5.995,2.916,8.911,4,3,2
835,16.666666666666664,-8,-10.927,-7.313,-3.614,-10.927,-2,-6,-1
246,7.333333333333333,4,6.916,5.373,1.543,6.916,2,5,0
1127,19.0,-3,2.2310000000000003,2.775,-0.5430000000000001,2.2310000000000003,0,3,1
384,5.0,5,3.0609999999999995,2.879,0.181,3.0609999999999995,1,-2,-1
854,15.666666666666666,1,8.537,2.035,6.502,8.537,3,6,1
219,-8.0,-6,1.6909999999999998,-4.633,6.323,1.6909999999999998,-1,-3,1
641,-2.666666666666667,2,1.981,3.956,-1.974,1.981,2,4,1
1,7.0,5,2.3950000000000005,1.4829999999999997,0.9130000000000004,2.3950000000000005,1,-2,0
112,-17.333333333333332,-2,-4.334,-3.081,-1.253,-4.334,-1,2,0
698,7.000000000000002,-4,-0.1540000000000001,-0.0469999999999999,-0.106,-0.1540000000000001,-1,3,0
951,4.333333333333334,-2,-0.1130000000000001,-2.956,2.843,-0.1130000000000001,1,2,1
1066,-4.666666666666666,1,-3.636,-1.811,-1.824,-3.636,-2,-1,-1
441,26.0,8,6.2940000000000005,6.71,-0.4149999999999996,6.2940000000000005,1,-4,0
663,6.666666666666667,-5,2.1180000000000003,-0.181,2.3,2.1180000000000003,1,5,2
1083,-5.333333333333333,7,7.471,5.09,2.382,7.471,3,5,2
317,29.33333333333333,6,7.250999999999999,8.768,-1.517,7.250999999999999,4,6,1
648,-2.333333333333333,-2,-1.773,-0.183,-1.59,-1.773,1,5,0
709,15.333333333333329,5,17.819,9.954,7.865,17.819,4,3,1
972,6.666666666666667,-7,-3.278,-2.006,-1.273,-3.278,-1,-2,-1
627,7.0,6,13.202,6.858,6.346,13.202,3,3,2
632,-2.333333333333333,-1,-2.514,-4.214,1.701,-2.514,-2,-4,-1
1158,45.333333333333336,9,5.02,5.993,-0.974,5.02,4,3,0
1094,14.666666666666666,7,6.956,6.008,0.948,6.956,4,1,1
795,14.333333333333332,7,2.098,2.34,-0.243,2.098,1,-5,0
645,1.666666666666666,0,-4.193,-3.084,-1.109,-4.193,-2,-3,-1
1012,7.333333333333334,-9,-9.891,-2.87,-7.022,-9.891,-3,-7,-2
556,0.9999999999999992,-7,-8.692,-7.306,-1.386,-8.692,-4,-1,-1
681,20.33333333333333,1,-3.08,-0.29,-2.79,-3.08,0,1,1
577,-2.333333333333334,-2,4.865,3.492,1.3729999999999998,4.865,0,-8,0
524,13.0,6,-1.5559999999999992,-0.2169999999999996,-1.3379999999999996,-1.5559999999999992,0,-2,0
1059,0.6666666666666661,1,-6.1530000000000005,-3.104,-3.048,-6.1530000000000005,-1,-1,1
540,19.0,-8,-8.913,-1.952,-6.962,-8.913,-3,-9,-2
748,21.33333333333333,6,9.079,6.355,2.724,9.079,2,5,1
1097,-4.666666666666666,0,-5.25,-4.196,-1.053,-5.25,-1,-6,0
484,-25.666666666666668,2,-0.455,1.182,-1.637,-0.455,0,0,0
95,3.333333333333333,5,-3.401,0.3880000000000001,-3.789,-3.401,-1,-4,-1
1020,9.333333333333334,-2,-1.7209999999999996,-0.952,-0.77,-1.7209999999999996,0,-2,0
563,30.0,1,12.48,5.9670000000000005,6.513,12.48,3,9,2
742,15.0,1,2.399,1.111,1.2879999999999998,2.399,0,-2,0
863,12.0,-6,-0.5390000000000001,0.957,-1.497,-0.5390000000000001,1,1,-1
891,1.0,5,-1.056,-1.0750000000000002,0.02,-1.056,0,4,1
1038,-7.999999999999999,-4,-8.576,-2.6000000000000005,-5.976,-8.576,-2,-2,-1
206,-8.333333333333332,-2,7.962,0.7989999999999999,7.163,7.962,-1,-4,0
392,1.666666666666667,4,-3.282,1.476,-4.758,-3.282,0,4,-1
794,23.0,1,4.6770000000000005,-2.627,7.304,4.6770000000000005,2,4,1
870,1.333333333333333,-5,-2.3950000000000005,-1.4829999999999997,-0.9130000000000004,-2.3950000000000005,-1,2,0
397,-8.0,-5,-2.422,0.141,-2.563,-2.422,1,3,0
766,-7.6666666666666625,3,1.885,-0.1339999999999994,2.02,1.885,1,1,1
1087,-7.666666666666667,0,-3.236,1.165,-4.401,-3.236,-2,-9,-1
1028,17.0,0,-3.0970000000000004,2.693,-5.79,-3.0970000000000004,1,-4,0
642,-3.6666666666666665,-2,-1.583,-4.968,3.385,-1.583,0,4,1
612,-8.0,2,5.292,5.654,-0.3620000000000001,5.292,1,1,0
960,-22.33333333333333,-9,-9.56,-5.671,-3.889,-9.56,-4,-5,-2
725,2.333333333333334,-2,3.747,1.706,2.041,3.747,2,4,1
683,-3.333333333333333,3,-8.081,-1.887,-6.194,-8.081,0,-4,0
98,-20.33333333333333,-2,-4.334,-3.081,-1.253,-4.334,-1,2,0
804,-8.666666666666668,-5,-6.831,-3.838,-2.992,-6.831,-1,-3,-1
406,-14.333333333333334,-5,-4.175,-0.854,-3.321,-4.175,-1,0,-2
502,17.666666666666668,0,10.218,7.396999999999999,2.821,10.218,3,3,0
1071,27.666666666666664,0,16.430999999999997,7.667,8.764,16.430999999999997,4,9,2
1056,30.0,3,5.18,1.128,4.052,5.18,2,7,1
929,8.333333333333332,2,1.583,4.968,-3.385,1.583,0,-4,-1
779,0.3333333333333333,-1,1.0179999999999998,2.011,-0.994,1.0179999999999998,2,1,0
200,-11.333333333333332,4,1.735,-0.7450000000000001,2.48,1.735,0,0,0
134,1.0,-7,-5.3340000000000005,-1.175,-4.158,-5.3340000000000005,-3,-4,-1
1051,4.666666666666667,-5,-3.595,-4.84,1.245,-3.595,-1,4,0
40,6.666666666666666,1,16.311999999999998,6.579,9.733,16.311999999999998,3,1,2
1017,-9.333333333333329,0,-4.789,-1.899,-2.89,-4.789,-1,2,0
230,0.0,-8,-4.98,-1.4240000000000004,-3.5570000000000004,-4.98,-2,3,-1
378,8.666666666666666,0,2.0380000000000003,3.786,-1.7480000000000002,2.0380000000000003,0,-4,-1
288,-4.333333333333333,-4,-6.271000000000001,-5.432,-0.8399999999999999,-6.271000000000001,0,1,1
418,27.666666666666668,4,12.436,7.262,5.174,12.436,3,4,1
391,3.0,0,4.94,5.875,-0.935,4.94,1,-5,-1
592,-4.333333333333332,3,-6.408,-1.295,-5.114,-6.408,1,0,0
1086,-3.000000000000001,2,-0.845,0.383,-1.228,-0.845,-1,-5,-1
647,8.666666666666666,-5,-2.8120000000000003,-0.658,-2.154,-2.8120000000000003,0,-2,-1
520,16.333333333333332,-1,1.976,4.584,-2.609,1.976,2,4,0
64,0.6666666666666661,-9,-3.3469999999999995,-5.401,2.0540000000000003,-3.3469999999999995,-3,1,0
14,33.5,4,3.754,4.139,-0.3840000000000001,3.754,1,-1,1
1064,-21.0,-1,-6.094,0.8180000000000001,-6.912,-6.094,0,2,-2
492,21.33333333333333,8,10.927,7.313,3.614,10.927,2,6,1
379,9.0,10,0.3319999999999998,1.212,-0.879,0.3319999999999998,0,-2,0
187,14.999999999999996,2,1.7209999999999996,0.952,0.77,1.7209999999999996,0,2,0
763,5.666666666666667,0,2.618,-0.1999999999999999,2.818,2.618,0,0,1
216,31.666666666666668,-4,3.596,1.1760000000000002,2.419,3.596,0,5,0
791,6.666666666666666,2,0.0750000000000001,2.383,-2.308,0.0750000000000001,1,3,-1
1076,-16.333333333333332,-1,-8.537,-2.035,-6.502,-8.537,-3,-6,-1
878,-12.333333333333332,-7,-11.928,-6.141,-5.787,-11.928,-6,-10,-2
337,7.666666666666666,-1,-2.44,-1.5990000000000002,-0.841,-2.44,-1,0,-2
719,17.666666666666664,4,0.544,0.846,-0.303,0.544,2,2,1
295,2.0,5,1.388,2.287,-0.899,1.388,0,-6,-1
1016,-3.0,0,7.095000000000001,5.173,1.922,7.095000000000001,3,2,1
455,-0.666666666666667,8,-3.128,1.523,-4.652,-3.128,1,1,-1
815,6.666666666666667,-4,-5.329000000000001,-7.423,2.093,-5.329000000000001,-3,-2,-1
269,-2.0,-3,-6.1690000000000005,-1.565,-4.604,-6.1690000000000005,-1,-1,-1
995,-18.0,1,-5.211,-5.095,-0.1149999999999999,-5.211,-4,-4,-1
201,-4.666666666666668,-1,-5.635,0.0539999999999999,-5.689,-5.635,-2,-7,-1
161,4.0,8,0.2839999999999998,0.852,-0.569,0.2839999999999998,1,0,0
729,-5.333333333333333,7,-1.27,1.348,-2.618,-1.27,1,4,0
401,-29.0,-6,-3.956,-2.165,-1.791,-3.956,-1,2,-1
702,-25.33333333333333,0,-8.559,-2.858,-5.7010000000000005,-8.559,-1,-3,-2
1129,-2.666666666666667,-6,-0.5390000000000001,0.957,-1.497,-0.5390000000000001,1,1,-1
565,15.666666666666668,5,5.75,4.138,1.612,5.75,3,3,2
1021,-24.0,-4,-7.108,-4.455,-2.652,-7.108,-2,-3,-2
1025,7.000000000000001,-1,3.015,4.189,-1.175,3.015,3,1,0
1104,-16.0,0,-4.94,-5.875,0.935,-4.94,-1,5,1
205,-3.333333333333334,3,6.733,4.192,2.541,6.733,1,-4,0
34,12.333333333333334,8,8.843,3.71,5.132,8.843,2,3,2
775,6.666666666666666,9,9.311,6.856,2.4560000000000004,9.311,3,3,0
508,26.0,0,-1.5750000000000002,-3.284,1.709,-1.5750000000000002,-2,-3,0
1170,-10.0,3,-0.0439999999999995,1.2950000000000002,-1.339,-0.0439999999999995,0,-5,-1
91,1.333333333333333,5,-1.7280000000000002,0.98,-2.709,-1.7280000000000002,0,0,-1
897,-19.33333333333333,2,-2.3680000000000003,-0.47,-1.898,-2.3680000000000003,-2,-5,0
564,-6.666666666666667,3,-2.2310000000000003,-2.775,0.5430000000000001,-2.2310000000000003,0,-3,-1
776,-3.0,-5,-3.0609999999999995,-2.879,-0.181,-3.0609999999999995,-1,2,1
241,6.333333333333333,-2,-5.156999999999999,-1.856,-3.3,-5.156999999999999,-3,-4,-1
13,38.33333333333333,1,8.537,2.035,6.502,8.537,3,6,1
315,-16.0,-3,-11.983,-8.388,-3.594,-11.983,-2,-2,0
600,13.666666666666666,1,-0.2770000000000001,-0.617,0.3399999999999999,-0.2770000000000001,-1,0,-1
387,-18.0,-5,-2.515,-3.627,1.112,-2.515,-1,-3,-1
166,1.333333333333334,-1,-1.5539999999999998,0.496,-2.049,-1.5539999999999998,0,4,0
840,-7.666666666666667,-1,-5.9910000000000005,-2.659,-3.332,-5.9910000000000005,-1,-3,0
20,26.33333333333333,-2,0.3630000000000004,2.651,-2.2880000000000003,0.3630000000000004,0,1,-1
646,20.33333333333333,-1,-16.311999999999998,-6.579,-9.733,-16.311999999999998,-3,-1,-2
831,-11.0,0,-4.54,0.322,-4.863,-4.54,0,-2,-2
562,12.333333333333332,-9,-6.7940000000000005,-5.563,-1.2320000000000002,-6.7940000000000005,-4,-3,-2
1157,7.666666666666667,-5,-0.1180000000000003,-2.3280000000000003,2.208,-0.1180000000000003,1,2,0
686,21.0,7,5.3340000000000005,1.175,4.158,5.3340000000000005,3,4,1
957,-1.666666666666667,1,1.5539999999999998,-0.496,2.049,1.5539999999999998,0,-4,0
189,-11.333333333333332,0,-10.218,-7.396999999999999,-2.821,-10.218,-3,-3,0
975,-13.0,-1,-10.807,-5.375,-5.433,-10.807,-2,-5,-2
699,-6.333333333333333,-5,-0.1180000000000003,-2.3280000000000003,2.208,-0.1180000000000003,1,2,0
510,-9.0,-4,1.766,-2.25,4.015000000000001,1.766,0,0,0
1082,2.0,0,-4.1770000000000005,1.48,-5.657,-4.1770000000000005,1,3,1
474,29.666666666666668,2,6.372,6.867,-0.4950000000000001,6.372,1,-6,-1
856,1.333333333333333,2,3.738,4.266,-0.528,3.738,2,3,1
747,5.333333333333334,0,4.018999999999999,3.18,0.8380000000000001,4.018999999999999,1,1,0
252,17.666666666666668,-3,7.138999999999999,3.878,3.261,7.138999999999999,3,7,2
21,-12.0,-9,-19.778,-13.068,-6.71,-19.778,-7,-8,-2
459,-4.0,6,7.192,1.0,6.192,7.192,3,7,2
276,-1.0,2,8.303999999999998,4.667,3.635,8.303999999999998,3,4,1
955,-30.666666666666668,-9,-11.929,-6.656,-5.274,-11.929,-3,-3,-1
385,15.0,-7,-2.098,-2.34,0.243,-2.098,-1,5,0
805,23.0,-5,-2.671,-4.521,1.849,-2.671,-2,2,0
343,23.6,-4,-7.137999999999999,-5.812,-1.326,-7.137999999999999,-5,-8,-2
769,22.666666666666664,7,8.422,6.995,1.427,8.422,2,2,1
130,-1.0,0,-2.902,-2.089,-0.8130000000000002,-2.902,-1,1,0
871,-5.666666666666667,-7,-13.942,-11.502,-2.439,-13.942,-5,-7,-1
1123,-5.666666666666667,-6,-0.5390000000000001,0.957,-1.497,-0.5390000000000001,1,1,-1
87,-14.5,3,-7.138999999999999,-3.878,-3.261,-7.138999999999999,-3,-7,-2
330,0.333333333333333,1,2.248,2.5170000000000003,-0.2680000000000002,2.248,1,2,0
466,9.333333333333332,3,2.309,-3.097,5.406000000000001,2.309,0,-1,1
121,-4.333333333333334,2,-8.922,-5.509,-3.413,-8.922,-1,-4,-1
1044,20.33333333333333,3,2.151,1.5630000000000002,0.5870000000000002,2.151,2,3,2
1095,16.666666666666668,7,8.413,3.099,5.315,8.413,0,2,0
1130,-7.000000000000001,-4,-6.271000000000001,-5.432,-0.8399999999999999,-6.271000000000001,0,1,1
860,14.333333333333332,5,7.211,4.199,3.014,7.211,2,0,2
1126,26.0,7,3.278,2.006,1.273,3.278,1,2,1
