,target
298,0
711,0
654,0
275,1
599,0
43,1
471,1
1162,0
342,1
135,0
557,1
78,1
1184,1
184,1
743,0
178,1
700,1
247,1
735,0
1070,1
631,1
1182,0
433,1
923,1
889,1
622,0
991,1
866,0
39,1
30,0
242,0
415,1
136,0
953,0
409,1
3,1
442,0
591,1
1019,1
826,0
801,0
676,0
428,1
354,1
1173,0
493,0
100,1
677,0
479,1
581,0
790,0
1159,1
994,0
1180,0
227,1
818,1
514,1
626,0
363,1
66,0
67,1
967,1
211,0
12,0
478,0
634,0
299,1
435,1
741,1
1062,0
754,1
529,1
481,0
405,1
1074,0
430,0
1107,0
898,1
427,1
273,0
1073,1
237,1
716,1
2,0
6,0
311,1
1010,0
1179,1
908,0
215,1
358,0
27,1
1145,1
838,1
865,0
765,1
553,0
438,0
720,0
548,0
1037,1
837,0
256,0
291,1
25,1
336,0
673,1
47,0
318,1
106,1
55,0
545,0
213,1
120,1
551,0
918,1
1138,0
72,1
593,0
732,0
829,0
552,1
872,0
1174,1
541,0
728,1
411,1
731,0
1009,0
904,1
316,1
890,1
811,0
649,0
671,1
413,1
535,1
60,0
1046,1
92,1
839,1
381,0
351,0
933,1
280,1
538,0
359,1
536,1
605,1
462,1
712,1
182,1
630,1
950,1
110,0
370,1
239,1
695,1
618,1
582,0
542,1
1049,1
261,0
614,1
757,1
339,0
783,0
1060,1
850,0
183,1
137,1
1148,1
693,1
992,1
80,1
937,1
1143,0
746,0
29,1
422,1
165,1
248,1
307,1
346,0
334,0
285,0
930,1
597,0
849,1
1024,1
893,0
590,1
668,1
602,1
785,1
675,1
65,1
1047,0
938,1
1055,1
1088,1
1103,1
302,0
254,0
939,1
912,0
312,1
519,1
221,1
388,0
235,1
793,0
467,0
859,0
305,1
1098,0
486,0
756,0
1141,1
1186,0
249,0
868,0
583,1
71,1
94,1
534,1
33,1
842,0
567,1
448,1
445,1
259,1
204,1
561,0
807,0
1085,0
365,0
825,0
77,1
84,0
528,1
82,0
457,1
1125,1
771,1
789,1
723,1
436,0
543,0
539,0
621,1
350,1
196,0
464,1
1057,1
5,1
310,0
404,1
1032,0
636,1
104,1
97,1
1172,1
526,1
816,1
916,0
314,1
598,1
594,1
62,1
281,1
1031,1
266,0
650,0
238,1
223,0
145,0
1106,0
373,1
118,0
786,1
250,1
1144,0
9,0
449,0
1033,1
389,1
613,1
460,0
1054,0
144,0
501,1
1183,0
177,1
1146,0
845,1
572,1
1181,1
7,0
903,1
824,1
357,1
329,1
796,1
813,1
258,1
986,1
760,0
589,0
812,0
525,1
1069,0
1152,0
736,0
1128,1
440,1
531,1
940,0
228,0
1078,1
212,1
79,1
148,0
1165,1
694,1
578,1
133,0
1133,1
408,0
660,0
507,1
857,0
504,0
806,0
347,0
386,1
0,1
360,0
1121,1
475,0
762,1
738,1
172,1
450,1
125,1
948,0
530,0
90,1
1149,0
181,0
1134,0
979,1
251,1
69,0
131,0
300,1
657,1
326,0
998,0
499,1
814,0
899,1
495,1
338,1
944,1
164,1
28,0
516,1
193,1
764,0
169,0
768,0
173,1
518,1
900,1
688,1
491,1
73,1
961,0
587,0
234,0
214,1
927,0
132,0
926,1
921,0
185,1
41,1
108,0
830,0
568,0
1150,1
980,0
1142,1
483,0
468,0
24,1
1045,0
667,1
737,0
974,1
366,0
822,1
1040,1
383,0
454,0
264,1
745,1
1081,0
444,1
395,1
727,1
176,1
18,0
692,1
798,0
595,1
61,1
272,1
1113,1
278,1
823,0
368,0
867,0
803,1
841,0
707,1
827,1
547,1
934,1
970,0
456,1
393,1
892,0
1018,1
375,1
412,0
74,0
1109,1
843,1
500,1
1022,0
616,0
114,0
417,0
601,1
604,1
89,0
1136,1
498,1
1164,0
1124,1
861,1
11,1
396,0
739,1
555,0
42,0
167,1
416,0
576,0
267,0
844,1
426,1
690,1
544,0
1110,1
674,0
689,1
1042,1
1163,1
999,0
864,1
257,1
335,1
15,1
907,1
324,1
607,1
1041,0
774,1
222,1
179,0
99,1
521,1
22,0
356,1
941,0
1099,1
611,0
988,0
340,1
431,1
767,1
217,1
203,1
886,1
93,1
781,1
68,0
875,0
284,1
696,1
85,0
434,1
780,1
153,0
75,1
1030,0
580,0
446,1
703,0
188,1
271,0
236,0
487,1
1147,1
559,1
117,0
637,0
1108,1
750,1
512,1
633,0
1006,1
985,1
834,0
126,0
116,0
473,0
740,1
973,0
57,0
603,1
1039,1
656,0
1132,0
902,0
105,1
635,0
369,0
268,0
655,1
46,1
349,1
773,1
195,1
102,0
4,1
619,0
971,0
52,1
263,1
1080,1
443,0
983,0
782,0
885,1
691,0
304,0
341,0
847,0
313,1
149,1
124,0
1050,1
574,1
697,1
664,1
50,1
726,1
799,0
353,1
1140,0
142,0
470,1
653,1
399,0
888,1
968,0
320,0
19,1
684,0
35,0
505,0
1058,0
407,1
817,0
537,1
758,0
1089,0
873,1
38,1
175,1
245,0
810,1
1072,1
943,0
784,1
1171,1
489,1
154,1
638,1
662,0
287,1
625,0
1114,0
685,1
853,1
569,0
1131,1
734,0
792,1
17,1
127,0
322,1
255,1
924,0
1166,1
190,1
115,1
1160,1
869,1
606,1
180,1
301,0
496,0
1007,0
1023,1
963,1
744,1
936,1
517,1
372,1
45,1
476,1
157,0
1034,0
171,1
16,0
511,1
48,1
191,1
546,0
515,0
958,1
949,1
828,1
964,1
480,1
1116,1
283,1
1013,1
797,1
920,0
225,0
26,0
282,0
1137,1
437,0
1154,0
364,0
229,0
37,0
669,1
749,1
1167,0
374,0
469,0
882,0
1168,0
687,0
32,1
989,1
1026,1
194,0
1093,1
1101,0
932,0
503,1
915,0
1155,1
1169,0
1075,0
800,0
579,0
160,1
680,0
1118,1
162,1
821,1
705,1
987,1
877,0
895,0
913,1
1185,0
152,0
959,1
982,0
509,1
111,1
226,1
966,1
851,0
103,1
421,1
419,1
624,1
586,1
1048,1
919,1
672,1
119,0
53,1
151,1
403,1
1175,1
207,1
1122,1
658,1
1084,0
232,1
8,0
159,1
36,0
452,1
651,0
253,0
303,1
896,0
1036,1
880,1
571,1
623,1
1000,1
1014,0
1004,0
262,0
610,1
297,0
414,1
150,0
945,0
472,0
952,0
778,1
640,1
1176,1
1117,1
550,1
639,1
935,1
928,0
488,1
819,1
710,1
1068,0
147,0
146,1
1120,1
962,1
345,1
402,1
931,1
954,1
1112,1
659,1
770,0
348,1
463,1
325,0
186,0
123,0
1092,1
608,0
143,1
751,0
1161,0
906,0
981,0
197,1
609,1
883,0
836,0
279,1
293,0
1115,1
400,0
122,0
202,1
835,0
246,1
1127,1
384,0
854,1
219,1
641,0
1,0
112,1
698,1
951,0
1066,0
441,1
663,1
1083,1
317,1
648,0
709,1
972,0
627,1
632,1
1158,1
1094,1
795,1
645,0
1012,0
556,0
681,0
577,0
524,0
1059,0
540,0
748,1
1097,0
484,0
95,0
1020,1
563,0
742,1
863,0
891,1
1038,1
206,0
392,0
794,1
870,1
397,0
766,0
1087,1
1028,0
642,0
612,1
960,1
725,0
683,0
98,0
804,0
406,1
502,0
1071,1
1056,1
929,1
779,0
200,1
134,0
1051,0
40,1
1017,1
230,1
378,0
288,1
418,1
391,1
592,0
1086,0
647,1
520,0
64,1
14,0
1064,0
492,1
379,1
187,0
763,0
216,0
791,1
1076,0
878,0
337,1
719,1
295,0
1016,1
455,1
815,1
269,0
995,1
201,1
161,0
729,0
401,0
702,0
1129,1
565,1
1021,0
1025,1
1104,0
205,1
34,1
775,0
508,0
1170,1
91,0
897,1
564,0
776,1
241,1
13,1
315,0
600,0
387,0
166,0
840,1
20,0
646,0
831,1
562,0
1157,1
686,1
957,1
189,0
975,1
699,0
510,1
1082,1
474,0
856,0
747,0
252,1
21,0
459,0
276,1
955,0
385,0
805,1
343,0
769,0
130,1
871,0
1123,1
87,0
330,1
466,1
121,0
1044,0
1095,1
1130,0
860,0
1126,1
